0 67
Landmark1: 13.7247 6.51729 49.8958 14.5636 6.10019 50.2452 
Landmark2: 14.5365 3.79968 29.3221 14.6005 2.81263 29.4693 
Landmark3: 14.714 2.06325 15.0172 15.3855 1.32669 15.0984 
Landmark4: 13.919 2.89498 7.08258 13.7515 2.13257 6.45754 
Landmark5: 13.4532 5.4271 1.8377 13.598 4.51891 1.44498 
Landmark6: 11.8593 6.91393 47.933 11.1225 6.26569 48.125 
Landmark7: 12.634 3.96283 33.3944 12.9081 3.0091 33.5179 
Landmark8: 11.4497 4.43053 33.1233 10.5811 3.96979 33.3057 
Landmark9: 11.148 4.40021 32.1833 10.7252 3.61895 32.6425 
Landmark10: 11.7336 2.85756 25.1285 11.5273 1.88575 25.2425 
Landmark11: 8.68973 2.88635 17.9948 8.18989 2.0364 18.1613 
Landmark12: 8.07892 4.32028 5.44237 7.40564 3.58099 5.43075 
Landmark13: 11.939 11.6181 49.2322 11.8135 11.5525 50.2221 
Landmark14: 12.9687 11.354 49.1386 12.0386 11.37 49.5056 
Landmark15: 11.6827 7.62868 49.1156 10.9002 7.08825 49.425 
Landmark16: 11.2305 10.693 47.3985 10.6744 11.403 47.8306 
Landmark17: 11.4948 8.63562 47.8899 10.8631 8.20101 48.5319 
Landmark18: 12.1705 11.3373 41.5469 12.2012 12.3289 41.4217 
Landmark19: 10.9176 11.5071 37.0932 10.7259 12.4788 37.2314 
Landmark20: 12.5669 11.3509 36.6448 12.2349 12.2875 36.7569 
Landmark21: 9.44003 7.99878 34.0177 8.79668 7.23363 34.0432 
Landmark22: 10.3699 6.65748 36.0652 9.50181 6.16123 36.0557 
Landmark23: 8.90355 10.0229 32.4435 8.34909 9.20479 32.5961 
Landmark24: 6.89759 6.74262 30.9986 6.16094 6.8443 31.6672 
Landmark25: 9.51684 5.02802 30.7935 8.80605 4.70806 31.4199 
Landmark26: 5.82449 7.73738 28.7475 5.08875 8.2589 29.1796 
Landmark27: 2.4297 8.69177 23.3659 1.58769 8.15928 23.4523 
Landmark28: 1.51666 9.74918 19.5271 0.705781 9.16715 19.5881 
Landmark29: 1.53053 10.3113 20.1614 0.589857 10.6238 20.2936 
Landmark30: 1.63339 10.1921 15.9963 0.696822 10.0838 15.663 
Landmark31: 9.71808 12.0296 26.1537 10.0931 11.9356 25.2315 
Landmark32: 9.79891 9.41846 20.2363 9.25667 9.17021 21.039 
Landmark33: 9.57066 12.2151 20.7602 8.58651 12.3214 20.9022 
Landmark34: 5.37304 12.424 13.0916 4.39644 12.6258 13.166 
Landmark35: 6.17692 8.84289 19.1236 6.00997 8.95308 20.1034 
Landmark36: 4.17361 8.18462 11.4513 3.27814 7.73956 11.4592 
Landmark37: 7.31327 8.86345 19.0084 7.32694 8.85335 20.0082 
Landmark38: 4.53548 9.86967 10.5172 3.60008 10.1481 10.7351 
Landmark39: 3.43742 14.0795 9.20072 2.81913 13.3429 8.92671 
Landmark40: 3.34436 11.4836 9.88561 2.58034 11.9655 9.45666 
Landmark41: 3.69103 13.2125 8.12242 2.85581 13.7497 8.24023 
Landmark42: 3.68536 11.5392 7.59962 2.8584 12.1009 7.57342 
Landmark43: 3.97349 9.87216 6.91285 3.09889 10.3289 6.7502 
Landmark44: 5.12746 11.3834 4.97796 4.32763 11.1709 5.53933 
Landmark45: 4.01156 14.5187 7.9997 3.17171 14.4472 8.5378 
Landmark46: 11.9136 11.9927 32.9447 11.8093 12.8661 33.4204 
Landmark47: 8.94744 12.1048 30.188 8.46618 12.9607 30.3773 
Landmark48: 9.55173 13.3585 23.821 8.98966 14.1832 23.8834 
Landmark49: 11.8292 12.9612 26.8438 11.8601 13.9175 27.1344 
Landmark50: 11.2741 13.1347 24.6686 11.0192 14.0958 24.7751 
Landmark51: 11.7131 14.0196 22.6756 11.4927 14.9394 22.3508 
Landmark52: 11.569 12.9351 18.5259 10.9135 13.6108 18.8632 
Landmark53: 10.4065 13.7283 21.4965 9.49244 13.939 21.15 
Landmark54: 9.70305 13.3636 18.5305 9.15108 14.177 18.7143 
Landmark55: 8.3207 12.7627 15.9729 7.84775 13.6262 15.7977 
Landmark56: 5.34598 13.7217 12.3359 4.75133 13.7938 13.1367 
Landmark57: 6.72519 16.0751 10.1442 7.0595 17.0043 9.98655 
Landmark58: 9.7449 14.6659 12.9661 9.20607 15.3931 13.3913 
Landmark59: 11.288 15.1373 12.7832 11.1289 16.0822 13.0692 
Landmark60: 4.66541 15.6219 8.16308 3.78202 16.0904 8.17496 
Landmark61: NA NA NA NA NA NA 
Landmark62: NA NA NA NA NA NA 
Landmark63: NA NA NA NA NA NA 
Landmark64: NA NA NA NA NA NA 
Landmark65: NA NA NA NA NA NA 
Landmark66: NA NA NA NA NA NA 
Landmark67: 8.97242 16.5227 15.8865 8.18855 16.8605 16.4075 
