0 67
Landmark1: 36.4327 9.43731 29.4401 36.7959 9.42718 30.3718 
Landmark2: 15.5328 9.53738 33.7342 15.4162 10.4757 33.4086 
Landmark3: -0.153996 9.98851 36.4016 -0.124152 10.6218 37.175 
Landmark4: -10.4583 9.76947 35.0421 -11.0655 9.99578 35.8038 
Landmark5: -15.2001 9.83438 30.0721 -16.0917 10.0423 30.4742 
Landmark6: 33.8719 11.1103 28.6715 33.9091 12.1075 28.6061 
Landmark7: 17.0006 10.6957 33.6849 17.2141 10.8858 34.6432 
Landmark8: 17.4758 12.0759 32.7379 17.9606 12.6818 33.3687 
Landmark9: 13.0318 14.7839 31.7089 13.5067 15.628 31.9578 
Landmark10: 7.63359 13.3926 33.5792 7.74714 14.3419 33.8724 
Landmark11: 3.63251 15.0095 33.8637 4.13326 15.258 34.6928 
Landmark12: -11.5441 15.0137 32.4743 -12.0119 14.5034 33.1959 
Landmark13: 36.1703 9.83455 23.4713 37.0984 10.2068 23.4826 
Landmark14: 36.9031 9.32526 24.9658 37.3703 8.98944 25.7837 
Landmark15: 35.0111 10.7127 27.0177 35.7899 10.6374 27.6404 
Landmark16: 34.1489 9.8779 24.3232 34.8579 10.579 24.247 
Landmark17: 35.6097 10.5894 25.8268 36.3334 11.2759 25.897 
Landmark18: 26.4221 9.32939 23.8643 26.2703 9.45984 22.8846 
Landmark19: 23.2573 10.6248 23.7932 23.1013 10.5025 22.813 
Landmark20: 22.366 8.96058 24.4648 22.3386 8.32434 25.2358 
Landmark21: 22.074 12.7103 27.2012 22.2843 13.6742 27.0379 
Landmark22: 23.1782 11.9103 29.3289 23.5205 12.8085 29.6046 
Landmark23: 19.0911 12.5208 25.4588 19.1491 12.9627 26.354 
Landmark24: 16.4455 15.2961 29.6374 17.1625 15.9533 29.8698 
Landmark25: 17.14 12.6028 32.2157 17.6191 13.3117 32.7333 
Landmark26: 13.2963 16.581 27.4212 13.3333 16.6406 26.4236 
Landmark27: 9.66306 19.1063 26.9042 8.92774 19.69 27.2485 
Landmark28: 4.4248 20.5505 25.5706 4.44715 21.3156 26.2142 
Landmark29: 4.94751 20.5352 25.2765 5.11125 21.521 25.2388 
Landmark30: 0.023207 20.8479 25.3039 -0.352648 20.9816 24.3869 
Landmark31: 8.38359 10.3103 23.7405 8.58149 10.2253 24.7171 
Landmark32: 4.72445 12.6411 26.3794 5.56202 12.1004 26.4581 
Landmark33: 5.54026 11.0051 24.1645 5.56876 10.3036 24.8766 
Landmark34: -3.57183 15.7127 23.5847 -3.0468 16.4303 23.1272 
Landmark35: 4.50093 16.8742 26.7848 5.16174 17.161 26.0912 
Landmark36: -4.28093 18.913 28.5848 -4.25631 19.7743 28.0772 
Landmark37: 4.37607 15.4071 26.6417 5.36847 15.2926 26.6867 
Landmark38: -7.62271 17.9543 26.0967 -7.42894 18.6244 25.3801 
Landmark39: -7.36709 18.0742 23.4055 -7.00834 18.9633 23.1213 
Landmark40: -9.11041 16.3019 21.4089 -8.51573 16.9465 21.8893 
Landmark41: -10.1949 16.7867 22.4835 -9.97772 16.8984 21.5138 
Landmark42: -10.3637 17.8291 24.545 -10.7434 18.1825 23.69 
Landmark43: -10.6157 18.0878 25.5754 -11.3386 18.1392 24.8863 
Landmark44: -12.8104 15.7054 25.2314 -12.1271 16.0363 24.5806 
Landmark45: -11.1606 16.061 21.3027 -11.4924 16.9826 21.1012 
Landmark46: 20.4451 9.83932 24.1087 21.1105 9.54041 23.4248 
Landmark47: 14.0049 12.0475 23.0256 14.8303 12.2528 22.4997 
Landmark48: 7.80867 10.8654 22.4674 8.02836 11.3919 21.6461 
Landmark49: 11.1107 8.77794 23.4366 11.2199 9.64306 22.947 
Landmark50: 8.9782 9.9449 23.7178 9.19189 10.7979 23.2417 
Landmark51: 7.63209 8.99701 23.0854 7.50961 9.15471 22.1056 
Landmark52: 1.23764 9.75738 24.6757 2.17562 9.48345 24.4632 
Landmark53: 3.85831 10.4165 23.3519 4.58802 9.78293 23.609 
Landmark54: 3.10181 10.9472 23.3823 3.21596 11.4008 22.4984 
Landmark55: -1.02025 12.2603 23.1552 -0.572075 12.9378 22.5719 
Landmark56: -3.60049 12.6138 21.0091 -2.72733 13.0059 20.7196 
Landmark57: -4.14702 11.593 21.2348 -4.2941 10.739 20.7358 
Landmark58: -5.01747 10.6408 22.6003 -5.82099 10.3036 22.1097 
Landmark59: -5.0037 8.79106 22.1768 -5.82625 8.50413 21.6858 
Landmark60: -10.997 14.9952 21.0363 -10.1186 14.7004 20.66 
Landmark61: NA NA NA NA NA NA 
Landmark62: NA NA NA NA NA NA 
Landmark63: NA NA NA NA NA NA 
Landmark64: NA NA NA NA NA NA
Landmark65: NA NA NA NA NA NA 
Landmark66: NA NA NA NA NA NA
Landmark67: -2.51938 10.5731 19.4867 -2.80505 11.4466 19.0926 
