0 20
Landmark1: 19.1853 6.08152 15.6061 19.9621 6.66047 15.3583 
Landmark2: 13.4971 6.70398 11.6425 13.6121 7.62163 12.0229 
Landmark3: 10.3766 6.47845 11.161 10.2467 6.17855 12.106 
Landmark4: 8.59554 7.70361 13.0948 9.04954 8.1532 13.8641 
Landmark5: 5.69611 7.57453 13.2164 5.54864 6.65011 13.5681 
Landmark6: 3.46739 7.09585 13.4803 3.66339 6.14231 13.7091 
Landmark7: -3.66567 6.96219 17.9777 -4.45752 7.53312 17.7609 
Landmark8: -1.99268 7.02674 16.2146 -2.61972 7.80186 16.1371 
Landmark9: -5.78729 6.14884 16.3098 -5.81902 6.85285 17.0193 
Landmark10: -7.07475 5.61007 16.3042 -7.45397 5.40922 17.2074 
Landmark11: -7.73247 5.79789 15.4641 -8.69268 5.94081 15.704 
Landmark12: -7.63652 6.11033 14.8378 -8.29647 6.69905 14.371 
Landmark13: -4.42487 7.65426 11.0094 -5.03738 8.44472 11.0128 
Landmark14: -5.95023 7.71346 9.57226 -6.25946 8.4095 10.2203 
Landmark15: -6.37034 7.49196 8.69408 -7.30805 7.74995 8.4614 
Landmark16: -3.66629 6.31436 7.3588 -3.66985 6.27117 6.35973 
Landmark17: 2.82851 7.40362 9.04921 2.96068 7.88212 8.18113 
Landmark18: 8.39568 6.73558 7.8039 8.46917 7.04889 6.85709 
Landmark19: 11.1383 6.80084 9.09285 11.1929 7.54873 8.43128 
Landmark20: -0.594511 8.60725 13.6398 -0.533594 9.52264 14.0378 
