0 20
Landmark1: 23.3247 11.7988 12.3653 24.1585 12.3431 12.4581 
Landmark2: 18.8957 12.2135 7.67442 19.2918 13.0924 7.94031 
Landmark3: 15.8193 12.3801 6.93261 15.7966 12.6887 7.88352 
Landmark4: 14.4884 13.7022 8.08896 15.197 14.0546 8.70025 
Landmark5: 11.709 13.4726 7.74949 12.4041 13.2424 8.43055 
Landmark6: 9.51691 14.1745 8.55466 9.66221 14.1888 9.54394 
Landmark7: 4.13867 16.3648 12.7597 3.40976 16.3532 13.4442 
Landmark8: 4.88469 15.63 11.4358 4.19607 16.3455 11.3179 
Landmark9: 1.33325 15.5988 12.2207 1.27386 16.3254 12.9052 
Landmark10: 0.384788 15.482 12.4159 -0.011507 15.6475 13.319 
Landmark11: -0.183969 15.5529 11.4325 -0.753054 16.2698 11.8353 
Landmark12: -0.062367 15.5606 10.4401 -0.341255 16.5122 10.3105 
Landmark13: 2.5293 15.2122 7.39339 1.88022 15.9408 7.17481 
Landmark14: NA NA NA NA NA NA
Landmark15: NA NA NA NA NA NA 
Landmark16: 4.08126 13.4 3.65991 4.09067 13.7204 2.71267 
Landmark17: 8.55395 13.7289 4.64172 8.46603 14.0898 3.71327 
Landmark18: 13.9648 12.4359 3.94354 14.0487 12.8518 3.03801 
Landmark19: 17.303 12.5672 5.18717 17.5905 13.3672 4.66046 
Landmark20: 5.79346 16.2383 8.46328 5.76078 17.2125 8.2401 
