0 20
Landmark1: 24.5788 11.616 8.3785 25.4999 12.0025 8.42514 
Landmark2: 19.3967 11.8038 4.63476 19.5118 12.4658 5.37534 
Landmark3: 16.4627 11.6939 3.98867 16.4598 12.1234 4.8917 
Landmark4: 14.8574 11.7941 5.74083 15.6193 12.3781 6.02085 
Landmark5: 12.3338 11.9581 5.98786 12.9069 11.575 6.71231 
Landmark6: 10.5247 11.1603 5.21522 10.4581 10.4766 5.94189 
Landmark7: 3.69773 11.6932 10.7127 2.91691 12.2044 11.0719 
Landmark8: 5.08483 11.7528 9.09013 4.44612 12.475 9.35569 
Landmark9: 1.46616 10.801 9.29656 1.67489 11.4839 9.9967 
Landmark10: 0.352027 10.512 9.33549 -0.0792318 11.0513 10.0588 
Landmark11: -0.293322 10.4038 8.39119 -1.09048 10.8912 8.74749 
Landmark12: 0.0649556 10.9005 7.7222 -0.482514 11.684 7.42824 
Landmark13: 2.56659 11.762 4.19529 1.90558 12.5106 4.24627 
Landmark14: 1.67111 11.6963 2.80612 1.29244 12.5497 3.16423 
Landmark15: 1.01992 11.5371 1.98959 0.395489 12.2239 1.6176 
Landmark16: 3.54686 10.9038 0.934428 3.64029 11.2847 0.0145416 
Landmark17: 8.75727 11.6885 2.2258 8.79932 11.868 1.24294 
Landmark18: 14.1855 11.4286 1.35957 14.2407 11.621 0.379802 
Landmark19: 17.9341 11.4222 2.35541 18.1224 11.5209 1.37827 
Landmark20: 5.64355 12.9302 6.53119 5.4322 13.7828 7.00908 
