0 20
Landmark1: 22.6432 17.1117 13.0757 23.4822 17.6522 13.1391 
Landmark2: 17.4229 17.883 9.25127 17.6319 18.6684 9.83392 
Landmark3: 14.2805 17.9105 8.7612 14.4539 18.0779 9.7317 
Landmark4: 12.9511 18.473 10.5093 13.7946 18.8731 10.8676 
Landmark5: 10.5671 18.1206 10.2305 10.3599 17.694 11.1109 
Landmark6: 8.56447 17.8696 10.5935 8.81605 17.2387 11.3273 
Landmark7: 2.49371 18.0757 15.9575 1.66559 18.1441 16.5138 
Landmark8: 3.77159 18.132 14.2244 3.53287 19.1031 14.2335 
Landmark9: -0.343068 17.5842 15.1257 -1.32184 17.3799 15.1426 
Landmark10: -1.20533 17.0391 15.1846 -1.67957 17.5663 14.4795 
Landmark11: -2.18312 17.3358 13.849 -3.11555 17.1968 14.1826 
Landmark12: -1.91669 17.7312 13.1637 -2.13489 18.6783 13.3991 
Landmark13: 1.18777 18.7694 9.61696 0.35582 19.3027 9.77014 
Landmark14: -0.585745 18.865 7.9429 -0.666484 19.6576 8.54731 
Landmark15: -1.07259 18.8917 7.43387 -1.80408 19.557 7.28456 
Landmark16: 1.24573 18.0917 5.75309 1.39329 18.6085 4.90978 
Landmark17: 6.77105 18.2912 6.98953 6.94757 18.5807 6.04875 
Landmark18: 12.8373 18.3504 6.17812 12.8982 18.9769 5.4011 
Landmark19: 15.8125 18.2909 6.98953 16.0461 19.044 6.37448 
Landmark20: 4.15377 19.3199 11.8679 4.12599 20.0932 12.5013 
