0 20
Landmark1: 24.4331 13.9554 17.57 24.8623 14.4688 18.3131 
Landmark2: 19.1744 14.8561 12.2593 19.5715 15.7684 12.1587 
Landmark3: 15.5396 14.7707 11.2192 15.3461 15.3791 11.9889 
Landmark4: 13.4806 14.9289 13.6185 14.3283 15.2136 14.0663 
Landmark5: 10.1421 15.0138 13.4263 10.1407 14.1628 13.9514 
Landmark6: 7.57348 14.5398 13.0918 8.43006 14.3094 13.5536 
Landmark7: -1.55921 14.2454 19.4138 -2.25136 14.8821 19.074 
Landmark8: 1.24067 14.7976 17.5891 0.637917 15.3958 17.0611 
Landmark9: -1.71508 13.7864 17.3357 -1.80918 14.5854 17.9296 
Landmark10: -3.32045 13.1752 17.6913 -3.58585 13.4396 18.6185 
Landmark11: -4.52966 13.184 16.1201 -5.52226 13.3053 16.1237 
Landmark12: -4.48456 13.7946 15.4208 -4.78674 14.4447 16.1179 
Landmark13: -1.67867 15.0186 12.0291 -2.56394 15.4547 12.1908 
Landmark14: -3.86713 14.9143 10.3319 -3.83299 15.5094 11.1348 
Landmark15: -4.19897 14.9326 9.55816 -4.83275 15.7048 9.60316 
Landmark16: -0.777742 13.6853 7.18815 -0.643113 14.3306 6.43615 
Landmark17: 6.67632 14.8423 8.75541 6.81126 15.4164 7.94781 
Landmark18: 13.0027 14.9807 7.89533 13.1208 15.7224 7.23503 
Landmark19: 17.5707 15.2546 9.1759 17.7454 16.0369 8.57792 
Landmark20: 3.31244 16.2189 14.6613 3.12735 16.9973 15.2612 
