0 20
Landmark1: 19.6815 8.67537 17.6022 20.33 9.09401 18.2379 
Landmark2: 14.5368 9.03515 12.7496 14.6447 9.74052 13.4501 
Landmark3: 10.83 8.59426 12.0306 10.7487 9.18569 12.8329 
Landmark4: 8.58339 8.80476 14.2323 9.30633 9.48903 14.3279 
Landmark5: 5.22091 8.70329 14.6618 5.68525 7.94026 15.1115 
Landmark6: 2.99604 8.1209 14.219 3.16758 8.43623 15.1524 
Landmark7: -6.01596 9.17119 19.8791 -6.71451 9.85882 20.077 
Landmark8: -3.46282 9.12296 17.7292 -4.28015 9.67026 17.5492 
Landmark9: -7.51356 7.89019 18.3319 -7.43139 8.67084 18.9514 
Landmark10: -8.56505 7.22615 18.6245 -8.74481 7.05392 19.593 
Landmark11: -9.84307 7.10827 16.8349 -10.7656 7.22833 17.2017 
Landmark12: -9.59986 7.38418 16.0237 -10.0941 8.25336 16.0398 
Landmark13: -6.4072 8.30445 12.5518 -7.14213 8.98161 12.5882 
Landmark14: -7.99773 7.91581 11.2803 -8.327 8.78634 11.646 
Landmark15: -8.53894 7.58329 10.2315 -9.38118 7.95789 9.84382 
Landmark16: -4.7108 6.63707 8.26269 -4.68341 6.99207 7.32823 
Landmark17: 2.44446 8.80263 9.66574 2.56889 9.27904 8.79537 
Landmark18: 8.98671 7.56646 8.57443 9.02502 7.26024 7.62324 
Landmark19: 13.7141 8.67815 10.1581 13.8806 9.3976 9.48376 
Landmark20: -0.912245 10.3609 14.7179 -1.06397 11.3437 14.8225 
