0 20
Landmark1: 44.2649 25.4116 19.4539 44.7951 26.1301 19.9041 
Landmark2: 39.2127 25.2164 14.2213 39.7374 25.7657 14.8717 
Landmark3: 35.604 25.8992 12.85 35.7174 26.155 13.8101 
Landmark4: 33.547 27.2018 14.4739 34.2433 27.9186 14.4356 
Landmark5: 30.4628 27.9494 14.967 30.4562 28.8923 15.3 
Landmark6: 27.8698 27.9639 15.3065 27.7883 28.0032 16.3024 
Landmark7: 19.2289 30.4071 19.6162 18.685 31.2188 19.829 
Landmark8: 21.0027 29.9601 17.8042 20.4273 30.5356 17.223 
Landmark9: 16.7995 29.1972 17.7181 17.0327 29.8553 18.4339 
Landmark10: 15.5835 28.9012 17.9828 15.2099 29.0398 18.9 
Landmark11: 14.5679 28.9279 16.2579 13.7918 29.522 16.4692 
Landmark12: 14.9998 29.1266 15.5996 14.3633 29.8196 15.2609 
Landmark13: 18.2566 29.0953 12.0456 17.5466 29.7886 11.9223 
Landmark14: 16.722 28.6747 10.1496 16.27 29.39 10.6826 
Landmark15: 16.5351 28.8077 9.15432 16.1028 29.677 8.91452 
Landmark16: 19.0934 27.5514 7.91468 19.2285 27.8954 6.98549 
Landmark17: 26.3008 27.7603 9.95388 26.4884 28.2016 9.07634 
Landmark18: 34.2986 25.1874 9.24818 34.4424 25.6176 8.35694 
Landmark19: 38.2032 25.3601 11.1705 38.6236 25.858 10.412 
Landmark20: 23.7902 29.7604 14.6797 23.9214 30.7451 14.7946 
