0 20
Landmark1: 14.9077 11.6365 8.83953 15.3563 12.3808 8.3449 
Landmark2: 12.8108 11.6241 9.02003 13.447 12.3672 9.22755 
Landmark3: 10.476 11.1977 8.85385 10.6591 11.3479 9.8254 
Landmark4: 9.29615 11.289 10.0017 10.2321 11.5839 9.80923 
Landmark5: 7.63629 11.347 9.95342 8.33798 10.9628 10.5534 
Landmark6: 6.41101 11.0966 9.95813 6.86612 10.6718 10.7407 
Landmark7: 1.80504 12.7255 14.3893 1.36333 13.6224 14.3678 
Landmark8: 2.71901 12.5074 13.1847 1.98078 13.1504 12.9807 
Landmark9: -0.404652 12.1273 13.1454 0.242118 12.4753 13.8241 
Landmark10: -1.25797 11.8169 13.4629 -1.46384 11.9502 14.4324 
Landmark11: -2.28914 11.9586 12.4778 -2.91489 12.066 13.2504 
Landmark12: -2.23037 12.1374 11.967 -2.67859 13.0294 11.9087 
Landmark13: -0.228889 12.289 8.74749 -0.749533 13.1426 8.7665 
Landmark14: -1.25177 12.2298 7.59371 -1.53822 13.108 7.97678 
Landmark15: -1.39553 12.1112 6.88843 -2.12042 12.6017 6.40475 
Landmark16: 0.0932041 11.2319 6.05926 0.182492 11.4247 5.0821 
Landmark17: 3.86214 11.5214 6.92612 3.73199 11.8932 6.00701 
Landmark18: 8.62985 11.7207 6.56807 8.61894 12.4118 5.84539 
Landmark19: 11.7015 11.7218 7.26532 11.8992 12.3864 6.5447 
Landmark20: 2.20381 12.9231 10.8835 2.05933 13.8902 11.093 
