0 20
Landmark1: 39.0379 24.1657 23.3291 39.3761 24.4565 24.2241 
Landmark2: 33.9868 23.4765 17.516 34.6895 24.1861 17.568 
Landmark3: 29.6203 22.7253 16.1187 29.6839 22.997 17.0789 
Landmark4: 27.4807 24.3854 18.0836 28.0144 24.7818 18.8306 
Landmark5: 23.2373 24.4489 19.3386 23.104 24.8121 20.2607 
Landmark6: 20.1084 24.1039 18.9091 20.0725 23.6927 19.82 
Landmark7: 12.944 26.7047 26.7822 12.3941 27.0679 27.5344 
Landmark8: 13.9087 26.1829 24.1947 13.5136 27.0824 24.0082 
Landmark9: 10.1868 25.8365 23.9482 10.0104 26.8041 23.7676 
Landmark10: 7.30303 25.0307 24.6384 7.2026 25.2438 25.6102 
Landmark11: 5.92274 24.7646 23.5292 5.05453 25.2135 23.3177 
Landmark12: 5.99669 24.7343 22.0504 5.43561 25.5461 22.2122 
Landmark13: 8.83119 24.6561 17.0222 8.38455 25.5004 16.7259 
Landmark14: 7.47556 23.9693 14.9271 7.02833 24.7922 15.2776 
Landmark15: 6.02134 23.9228 12.9553 5.74279 24.7915 13.3649 
Landmark16: 9.54598 21.9501 10.8849 9.58699 22.2299 9.92567 
Landmark17: 19.3805 22.9345 12.3144 19.3475 23.3478 11.4044 
Landmark18: 26.5184 22.4291 11.0029 26.6083 22.8176 10.0858 
Landmark19: 32.0387 22.8195 12.9381 32.5505 23.2357 12.1865 
Landmark20: 15.3979 25.9935 18.5532 15.4975 26.9839 18.4572 
