0 20
Landmark1: 27.0291 16.3449 18.703 27.6452 17.1006 18.925 
Landmark2: 21.7921 16.1241 13.6414 21.3575 16.7667 14.2724 
Landmark3: 17.2058 16.516 12.0328 17.1975 16.9849 12.9161 
Landmark4: 14.726 17.1122 14.2929 15.5468 17.6278 14.5388 
Landmark5: 11.3556 16.6969 13.7124 11.914 16.8623 14.5253 
Landmark6: 8.64641 16.7147 14.0866 8.85816 16.1143 14.8577 
Landmark7: 1.79666 18.8036 20.7285 1.39987 19.6633 20.4066 
Landmark8: 3.36373 18.368 19.0274 2.44172 18.7039 18.8348 
Landmark9: -1.18797 17.3334 19.1664 -1.13516 17.8641 20.0123 
Landmark10: -2.62014 17.2583 19.4358 -2.81691 17.7592 20.2786 
Landmark11: -3.73921 16.9765 18.6569 -4.51889 17.6011 18.7016 
Landmark12: -4.06005 17.2947 16.7599 -4.76147 17.9853 16.9363 
Landmark13: -1.8001 18.0287 12.3921 -2.63491 18.5634 12.523 
Landmark14: -3.45785 17.7318 10.4434 -3.99377 18.4032 10.9553 
Landmark15: -4.29006 17.5224 8.71872 -5.07833 18.0457 8.39502 
Landmark16: 0.111711 16.0008 6.46875 0.281005 16.1602 5.49617 
Landmark17: 7.85553 17.1596 8.21313 7.92575 17.5515 7.29579 
Landmark18: 14.2325 16.4057 7.56351 14.4565 16.826 6.68422 
Landmark19: 19.8598 16.8844 9.98943 20.5277 17.3152 9.38256 
Landmark20: 2.52668 19.5342 15.3043 2.5514 20.4963 15.5759 
