0 20
Landmark1: 39.4622 22.2928 30.2909 40.0256 23.1035 30.4494 
Landmark2: 30.7422 22.7001 24.6637 30.8827 23.6201 25.0298 
Landmark3: 24.9963 21.5678 24.3337 25.1098 21.5878 25.327 
Landmark4: 21.4639 22.1852 26.5967 21.9899 22.8026 27.1816 
Landmark5: 19.3857 21.338 27.2694 19.6079 21.7921 28.1322 
Landmark6: 17.5409 20.8565 27.0611 17.1375 20.2568 27.7523 
Landmark7: 10.8645 21.82 31.8244 10.8831 22.2404 32.7316 
Landmark8: 10.4806 21.7119 31.0124 9.78425 22.4135 30.8613 
Landmark9: 6.10626 21.069 30.7475 6.34296 21.5051 31.6157 
Landmark10: 3.42746 19.9937 31.1099 3.27666 19.8927 32.0933 
Landmark11: 1.50409 20.8057 29.5729 0.555053 21.0468 29.7758 
Landmark12: 2.13862 21.4983 29.1458 1.6807 22.3672 28.9577 
Landmark13: 4.97613 22.0825 26.2995 4.08967 22.5278 26.4258 
Landmark14: 2.17711 22.4789 23.9038 2.16465 22.774 24.8592 
Landmark15: 1.53427 23.071 23.6481 0.929229 23.8078 23.9498 
Landmark16: 5.30352 22.567 21.4991 5.41342 23.2975 20.8251 
Landmark17: 15.2172 23.0764 23.0123 15.1346 23.6316 22.1847 
Landmark18: 21.6255 22.6743 21.6219 21.6104 23.5812 21.2008 
Landmark19: 27.9665 22.9207 22.4437 28.2062 23.8112 22.0569 
Landmark20: 8.44375 23.0271 29.6688 8.35834 23.9097 30.1311 
