0 20
Landmark1: 26.6959 15.3715 23.1261 27.3886 16.0293 23.4219 
Landmark2: 17.6495 14.021 16.6944 17.2602 14.5792 17.4271 
Landmark3: 12.6605 13.6617 16.5141 12.6664 14.0092 17.4517 
Landmark4: 9.95559 13.7656 18.5578 10.7121 14.4028 18.4105 
Landmark5: 7.10974 13.5213 18.7071 7.52666 13.4159 19.61 
Landmark6: 4.97285 12.9195 18.6107 5.15965 12.2216 19.302 
Landmark7: -1.18123 14.0094 22.3335 -1.91221 14.682 22.2184 
Landmark8: -0.602445 13.9178 21.5864 -1.15477 14.6787 21.246 
Landmark9: -5.44406 12.3397 21.9023 -4.93914 12.6665 22.7012 
Landmark10: -7.22706 11.667 22.1869 -7.38897 11.5099 23.1612 
Landmark11: -8.5665 11.8777 20.8691 -9.44479 11.6505 21.2898 
Landmark12: -8.6865 12.6091 19.9969 -9.49116 13.034 19.5822 
Landmark13: -5.52553 13.6368 16.0392 -6.08003 14.2718 16.5772 
Landmark14: -7.8612 13.7962 15.034 -8.02313 14.4858 15.74 
Landmark15: -8.32045 13.7165 14.562 -9.08694 14.3018 14.2976 
Landmark16: -4.66766 13.3095 13.2015 -4.63126 13.5487 12.2312 
Landmark17: 2.86881 13.5603 14.7284 2.83687 14.0902 13.8809 
Landmark18: 10.4945 13.761 13.6512 10.4402 14.4429 12.9218 
Landmark19: 15.3179 14.0109 14.5185 15.348 14.6829 13.7785 
Landmark20: -1.76113 14.9117 20.0943 -2.02517 15.8732 20.1693 
