0 20
Landmark1: 19.4287 7.19154 12.214 20.3726 7.5056 12.1116 
Landmark2: 16.0466 7.11776 9.94188 16.2741 8.01652 9.56711 
Landmark3: 14.0219 7.05407 9.65497 14.1797 7.7053 10.3973 
Landmark4: 12.8343 8.26884 10.1595 13.6668 8.7624 10.4112 
Landmark5: 11.2817 8.86916 10.6054 11.2793 9.86476 10.6991 
Landmark6: 10.0698 8.94925 10.879 10.1985 9.93494 10.988 
Landmark7: 6.35249 11.7776 12.7389 5.86524 12.5852 12.4066 
Landmark8: 7.60031 10.5938 11.7123 7.08105 11.2093 11.1195 
Landmark9: 4.96481 10.7927 12.2496 5.85197 10.9719 12.6749 
Landmark10: 4.44103 10.9431 12.4462 4.27545 11.6116 13.1712 
Landmark11: 3.58344 10.7656 11.3092 2.60209 10.9564 11.2852 
Landmark12: 3.93708 10.6392 10.6746 3.80841 11.0454 9.76996 
Landmark13: 4.8877 10.0349 9.61856 4.3722 10.8774 9.46231 
Landmark14: 3.61133 9.89209 8.65845 3.32376 10.8419 8.78181 
Landmark15: 3.43693 9.65769 8.11224 2.78117 10.155 7.54422 
Landmark16: 4.83919 8.07446 7.78752 4.90218 7.67114 6.87464 
Landmark17: 8.82964 7.94849 8.20105 8.81429 7.78003 7.21547 
Landmark18: 12.8046 6.33275 7.97803 12.7819 6.20326 6.98671 
Landmark19: 15.0744 6.32153 8.56908 15.5014 6.12058 7.68746 
Landmark20: 5.62354 10.5919 10.6791 6.1846 11.3967 10.8727 
