0 20
Landmark1: 15.1344 8.07054 5.98083 15.7544 8.38913 6.69779 
Landmark2: 12.5475 7.40709 4.05394 11.7868 7.90925 4.46538 
Landmark3: 11.1278 7.42576 3.63429 11.3066 8.27371 4.13327 
Landmark4: 9.93741 7.87677 4.41606 10.5203 8.10953 5.19453 
Landmark5: 8.37382 7.73678 4.3929 8.47502 7.16267 5.2054 
Landmark6: 6.42577 6.66792 3.87268 7.30967 6.71696 4.33777 
Landmark7: 4.50131 9.03113 6.72834 4.09006 9.87603 7.07043 
Landmark8: 4.61507 8.78876 6.25634 3.78168 9.34132 6.24486 
Landmark9: 2.02401 8.34291 5.95495 2.13163 9.26268 6.33236 
Landmark10: 1.15508 8.00638 5.9121 0.589619 8.12355 6.72852 
Landmark11: 0.484204 7.79911 5.22834 -0.514173 7.84768 5.19859 
Landmark12: 0.580339 7.83362 4.69361 0.143103 8.44977 4.03848 
Landmark13: 2.82983 7.56309 2.69603 2.27804 8.26054 2.23876 
Landmark14: 2.83155 7.1935 1.55011 2.35026 7.30725 2.41926 
Landmark15: 2.73727 7.07994 1.14776 2.25995 7.85223 0.728552 
Landmark16: 4.01591 6.44636 0.769409 4.19813 6.92127 -0.0915556 
Landmark17: 6.49544 7.33523 1.71484 6.33107 8.29511 1.94203 
Landmark18: 9.7866 6.80965 1.58997 9.84488 6.89309 0.595164 
Landmark19: 11.7756 7.30074 2.3927 12.5624 7.7464 1.96567 
Landmark20: 3.73384 9.17215 4.91805 3.56859 10.1463 5.07217 
