0 20
Landmark1: 11.6367 8.34279 7.9529 11.8903 8.46759 8.91212 
Landmark2: 9.76974 8.33656 6.01469 10.6968 8.49013 5.67256 
Landmark3: 8.23255 8.10837 5.28294 8.02676 7.99094 6.25446 
Landmark4: 6.96405 8.06879 5.81856 6.64022 8.83374 6.37532 
Landmark5: 5.35076 7.74875 5.83707 5.62209 7.88867 6.78933 
Landmark6: 2.0747 7.26251 1.40718 2.66279 6.45401 1.42893 
Landmark7: 1.79015 7.56196 6.38457 1.24742 8.36305 7.63695 
Landmark8: 2.00185 7.69357 6.90234 1.6379 8.37356 7.53886 
Landmark9: -0.195983 7.31172 6.54208 -0.526548 7.90062 7.27958 
Landmark10: -1.06741 6.97637 6.15401 -1.05369 5.97666 6.13398 
Landmark11: -1.59693 6.90696 5.68302 -2.38524 6.76139 6.28083 
Landmark12: -1.50562 7.01084 5.23929 -1.87685 7.5978 4.5198 
Landmark13: 0.86974 7.52495 3.04286 0.442118 6.87308 2.4166 
Landmark14: 0.80533 7.53722 2.6159 0.0884096 7.58577 3.31137 
Landmark15: 0.636348 7.55284 2.23003 -0.145781 6.9572 2.04705 
Landmark16: 2.02901 7.31716 1.63496 2.36806 7.03809 0.736531 
Landmark17: 4.01713 7.79961 2.74904 4.53712 8.25368 2.02556 
Landmark18: 7.06464 8.15168 3.04153 7.44843 8.19103 2.11895 
Landmark19: 9.51455 8.62993 4.56386 9.60301 9.62232 4.47821 
Landmark20: 1.43427 8.29181 5.50895 1.82901 9.20847 5.5715 
