0 20
Landmark1: 25.0123 9.65351 23.7778 25.6565 10.11 24.3916 
Landmark2: 12.1385 8.05065 17.5969 12.5099 8.94091 17.8606 
Landmark3: 6.94508 7.25305 17.8164 7.0789 7.67302 18.714 
Landmark4: 4.27522 8.2247 19.5719 4.81693 9.05908 19.4701 
Landmark5: 2.04256 7.99051 20.5414 2.06528 8.62624 21.313 
Landmark6: 0.225938 7.51402 20.9675 0.249141 7.95101 21.8667 
Landmark7: -4.32972 8.9176 22.4292 -4.1536 9.86371 22.7009 
Landmark8: -6.59795 9.24042 23.0931 -6.47416 10.1547 22.7074 
Landmark9: -11.1883 9.9258 25.7665 -10.7396 10.7108 26.1937 
Landmark10: -13.6153 9.49511 27.3474 -13.5829 9.56332 28.3446 
Landmark11: -17.067 9.61248 24.9664 -17.9875 9.37687 25.2783 
Landmark12: -16.644 9.78002 23.9244 -16.9234 10.5524 23.354 
Landmark13: -14.1755 8.77075 20.2278 -14.614 9.66951 20.228 
Landmark14: -16.9729 9.12807 18.003 -17.1921 10.0911 18.1595 
Landmark15: -17.5052 8.87961 17.1644 -18.352 9.38275 16.9919 
Landmark16: -14.0727 7.64924 15.2233 -14.6268 8.08602 14.5146 
Landmark17: -6.8381 7.03889 16.5916 -6.75996 7.62346 15.784 
Landmark18: 3.81136 6.95471 14.3323 3.6795 7.33217 13.4157 
Landmark19: 8.07641 7.05511 14.7508 8.35896 7.59998 13.9613 
Landmark20: -13.8505 10.7977 25.3125 -13.8904 11.7879 25.4464 
