0 20
Landmark1: 30.9115 6.06634 21.5928 31.7563 6.60002 21.6295 
Landmark2: 24.9654 6.24256 16.8611 25.5 6.96982 17.2916 
Landmark3: 19.7312 6.05458 15.5212 19.7896 6.52572 16.4013 
Landmark4: 17.2606 6.78863 18.1173 17.9368 7.17603 18.7441 
Landmark5: 13.1316 6.51615 19.4208 13.2783 6.3769 20.4001 
Landmark6: 9.51786 5.83416 19.815 9.69308 5.29663 20.6398 
Landmark7: -0.828793 8.76015 30.0932 -1.17852 9.63778 30.421 
Landmark8: 1.76738 7.61087 25.864 1.06822 8.3178 25.9709 
Landmark9: -3.8437 6.68073 27.5389 -3.18102 7.42581 27.6145 
Landmark10: -5.72801 6.16679 28.4601 -5.88917 6.50171 29.3885 
Landmark11: -7.53943 5.5402 26.7748 -8.19256 4.92234 27.2126 
Landmark12: -7.18361 5.87073 24.3557 -7.36989 6.84618 24.2383 
Landmark13: -4.56375 7.62383 18.3264 -5.17377 8.37006 18.5928 
Landmark14: -7.34898 7.74097 15.5275 -7.30713 8.71483 15.7508 
Landmark15: -7.92253 7.53218 13.3443 -8.7088 8.14266 13.2489 
Landmark16: -1.76326 6.01511 10.6111 -1.80423 6.48599 9.72981 
Landmark17: 7.57655 6.82267 11.7386 7.54444 6.86288 10.74 
Landmark18: 15.7113 6.13828 10.3707 15.7545 6.95724 9.79847 
Landmark19: 22.5367 6.15548 12.6737 22.5898 6.79933 11.9104 
Landmark20: 3.75998 8.91362 21.2346 2.9901 9.5122 21.0132 
