0 20
Landmark1: 29.2414 16.5078 24.4445 29.4436 16.5563 25.4226 
Landmark2: 23.6065 16.9118 18.3112 22.9835 17.3788 18.9388 
Landmark3: 19.5035 17.3671 17.1319 19.6196 17.5473 18.1086 
Landmark4: 17.1905 17.4481 19.7996 18.0353 17.3857 20.3311 
Landmark5: 13.3851 17.6168 20.5589 13.0222 16.9177 21.175 
Landmark6: 9.77015 16.1506 19.6422 9.64823 15.6433 20.4953 
Landmark7: 1.33879 17.554 28.3896 0.441767 17.8878 28.0998 
Landmark8: 2.60453 17.3665 24.6242 1.71181 17.7798 24.8038 
Landmark9: -3.79826 15.8866 25.6546 -3.28558 16.5775 26.1643 
Landmark10: -5.40039 17.2668 26.7596 -5.6246 17.7052 27.6299 
Landmark11: -6.48022 15.4595 24.7217 -7.27568 15.7346 25.2617 
Landmark12: -6.64635 16.1705 22.3005 -7.49979 16.6143 22.0272 
Landmark13: -2.32678 17.8937 17.2992 -2.98268 18.5604 17.6531 
Landmark14: -4.81915 18.1888 14.1214 -5.2239 19.0278 14.485 
Landmark15: -5.193 18.5045 12.8129 -5.97596 19.0517 12.5171 
Landmark16: -1.39214 17.456 10.819 -1.30385 17.6941 9.85181 
Landmark17: 8.26577 18.1034 13.5918 8.32915 18.4841 12.6692 
Landmark18: 15.2756 17.9097 12.221 15.2861 18.3362 11.3166 
Landmark19: 23.2511 17.7062 15.1183 23.8707 18.3925 14.7374 
Landmark20: 4.38079 19.1401 20.8443 4.32906 19.9439 21.4369 
