0 20
Landmark1: 18.8684 11.9586 10.0696 19.3104 12.214 10.9295 
Landmark2: 15.6041 11.8552 7.26478 14.9452 12.2701 7.89225 
Landmark3: 13.1657 11.8119 6.63728 13.1746 11.7428 7.63485 
Landmark4: 11.2925 12.4464 8.14123 11.8996 12.5922 8.92241 
Landmark5: 9.32364 12.0531 8.15205 9.34088 11.4231 8.92844 
Landmark6: 7.93737 11.3709 7.62174 8.63431 11.1324 8.29804 
Landmark7: 3.33949 12.7009 11.6977 2.68397 13.3701 11.3477 
Landmark8: 4.35181 12.4933 9.98976 3.44869 12.8841 9.81197 
Landmark9: 0.462582 11.9561 10.5006 0.394872 12.6772 11.1901 
Landmark10: -0.662991 11.4932 10.6104 -0.442374 11.375 9.64219 
Landmark11: -1.34324 11.3245 9.45897 -2.18314 10.83 9.23546 
Landmark12: -1.20279 11.6653 8.93622 -1.90761 12.3746 8.92621 
Landmark13: 0.921196 12.3097 5.6442 0.0731092 12.8292 5.5398 
Landmark14: 0.382196 12.2573 4.65465 -0.0135621 12.9641 5.24098 
Landmark15: 0.179463 12.2374 4.14716 -0.133477 13.1537 4.39742 
Landmark16: 1.96081 11.8952 2.7356 2.27394 12.5186 2.01912 
Landmark17: 7.41272 12.5766 4.31278 7.38717 12.8355 3.34721 
Landmark18: 11.5609 12.127 3.84508 11.676 12.6738 3.01579 
Landmark19: 14.4088 12.1547 4.83564 14.7784 12.7572 4.12828 
Landmark20: 4.41339 13.3227 8.14111 4.31974 14.3154 8.06586 
