0 20
Landmark1: 24.4171 16.1882 16.0306 25.2253 16.771 16.1148 
Landmark2: 18.2892 15.6444 11.3883 17.8294 16.1727 12.1021 
Landmark3: 15.1324 15.639 10.955 15.2532 16.0276 11.8684 
Landmark4: 12.7802 16.3112 12.4715 13.348 16.761 13.161 
Landmark5: 10.2305 15.5772 13.578 10.6305 15.2276 14.4253 
Landmark6: 8.30208 15.0521 13.3652 9.03392 15.1711 14.0362 
Landmark7: 2.40901 17.0356 18.3471 1.49927 17.2346 18.7115 
Landmark8: 2.90887 16.7166 17.077 2.13547 17.3416 16.9715 
Landmark9: -2.40198 15.4886 17.7584 -2.08253 16.3844 18.0674 
Landmark10: -3.37868 15.1859 17.9595 -3.79749 15.2481 18.8655 
Landmark11: -4.34998 15.0121 16.6743 -5.25342 15.4137 16.8244 
Landmark12: -4.40599 15.2782 15.8305 -4.79059 16.2013 15.8291 
Landmark13: -1.64705 15.6192 12.2773 -2.32342 16.3537 12.223 
Landmark14: -3.25104 14.9473 10.4011 -3.30015 15.9432 10.4777 
Landmark15: -3.7275 14.8106 9.35522 -4.19243 15.6943 9.40816 
Landmark16: -0.978033 14.0823 7.7211 -1.06999 14.4236 6.78564 
Landmark17: 6.71109 15.2806 9.14815 6.64367 15.6638 8.22692 
Landmark18: 12.907 15.3558 7.8403 12.804 15.9306 7.0285 
Landmark19: 16.0528 15.7033 8.58285 16.0795 16.2995 7.78048 
Landmark20: 4.80744 17.5702 13.7231 4.79343 18.5679 13.656 
