0 20
Landmark1: 32.3074 18.7418 23.6312 32.9952 19.3177 24.0731 
Landmark2: 28.0302 18.475 19.7642 28.4012 19.296 20.1982 
Landmark3: 24.9542 18.2841 19.1197 24.8685 18.6417 20.0497 
Landmark4: 22.6398 19.0039 21.4927 23.3826 19.4183 22.0186 
Landmark5: 19.8173 18.7789 22.1257 19.0655 19.2823 22.5515 
Landmark6: 17.9355 17.9596 21.7885 18.0214 17.4937 22.6692 
Landmark7: 12.059 20.1216 27.7292 11.818 20.9285 28.2685 
Landmark8: 13.2018 19.5686 25.3828 12.3677 20.1027 25.2448 
Landmark9: 9.35642 19.1055 26.2163 9.54535 19.9318 26.747 
Landmark10: 7.46405 18.3057 26.9178 7.23312 18.6193 27.8389 
Landmark11: 6.44351 17.7259 25.0455 5.61674 18.2824 24.9633 
Landmark12: 6.64995 17.8818 24.448 6.10662 18.6596 24.1322 
Landmark13: 8.88057 18.4039 20.1482 8.19565 19.1322 20.1719 
Landmark14: 7.45512 18.0589 18.3561 7.03481 18.91 18.6706 
Landmark15: 7.25316 17.7185 17.4762 6.54794 18.2973 17.0668 
Landmark16: 10.4291 16.3802 15.749 10.4894 16.4576 14.7538 
Landmark17: 17.2788 18.2768 16.8347 17.1438 18.7018 15.9396 
Landmark18: 22.4055 17.6731 15.4285 22.3596 17.8948 14.4545 
Landmark19: 27.2685 18.3113 16.8933 27.8544 18.9916 16.453 
Landmark20: 13.9977 20.3181 22.6938 13.9637 21.3003 22.8787 
