0 20
Landmark1: 26.5882 18.0305 10.5743 26.5214 18.5222 11.4425 
Landmark2: 22.664 18.2375 7.37097 23.2473 19.0495 7.34708 
Landmark3: 19.7951 18.2064 6.59783 19.8078 18.7379 7.4448 
Landmark4: 17.2442 19.0396 8.24264 17.6404 18.4984 8.9844 
Landmark5: 14.303 19.2352 8.44439 14.5781 18.7903 9.29667 
Landmark6: 10.3917 17.8587 7.31904 11.2708 17.727 7.77715 
Landmark7: 5.24565 22.0029 13.0745 5.3782 22.8171 13.6398 
Landmark8: 6.2214 21.3916 11.6483 5.49089 22.0257 11.3948 
Landmark9: 2.83903 20.8883 11.2143 2.35651 21.5694 11.7649 
Landmark10: 1.12025 20.7075 10.9676 0.192048 20.7155 11.3396 
Landmark11: 0.495516 20.5283 9.11566 -0.201859 21.1494 8.75799 
Landmark12: 1.35097 20.7045 8.69024 1.31412 21.6562 8.38525 
Landmark13: 4.03874 20.4619 4.94076 3.58158 21.3215 4.71241 
Landmark14: 3.17011 20.0068 3.58331 2.28048 20.4249 3.39965 
Landmark15: 2.89611 19.6851 2.40577 2.46556 20.3471 1.7922 
Landmark16: 5.44507 18.3809 1.51583 5.88829 18.5326 0.63235 
Landmark17: 11.8851 19.1884 3.42035 12.0513 19.6561 2.5522 
Landmark18: 17.5851 18.216 2.84108 17.7931 18.6661 1.97267 
Landmark19: 21.1766 17.8889 4.23133 21.6116 18.3131 3.43705 
Landmark20: 8.89441 21.6712 8.55056 9.12002 22.6413 8.64048 
