0 20
Landmark1: 26.7303 10.7313 10.2769 27.4482 11.1596 10.8256 
Landmark2: 21.8199 10.5877 7.55624 21.5023 11.4272 7.99712 
Landmark3: 18.7942 10.9667 7.26198 18.9372 11.6932 7.93406 
Landmark4: 16.3489 11.7182 9.25117 17.2018 12.1898 9.47483 
Landmark5: 13.7984 11.9457 9.48065 13.8758 11.7735 8.49863 
Landmark6: 9.92543 11.1589 9.43656 10.5915 10.9797 10.1606 
Landmark7: 5.16716 15.1867 15.7025 4.68712 15.5166 16.5154 
Landmark8: 6.5809 14.4374 13.9064 5.58888 14.3472 13.9945 
Landmark9: 3.4466 14.5297 13.954 3.50041 15.4942 14.2126 
Landmark10: 1.79838 14.5378 14.012 1.90454 15.1156 14.8212 
Landmark11: 0.615927 14.1916 13.4532 -0.209689 14.6454 13.7885 
Landmark12: 0.376481 14.0515 12.2278 -0.0949481 14.933 12.1992 
Landmark13: 3.43348 13.6901 7.94648 3.01698 14.5423 7.62988 
Landmark14: 1.91195 13.1755 6.15499 1.19638 13.7644 6.53077 
Landmark15: 1.54729 12.759 5.3769 0.993801 13.2706 4.71975 
Landmark16: 4.00082 11.2769 4.09624 4.01463 11.7501 3.21541 
Landmark17: 11.385 12.0124 5.16039 11.4471 12.2105 4.1822 
Landmark18: 16.0958 10.7094 3.94051 16.0364 11.0505 3.00238 
Landmark19: 20.2486 10.4534 4.99169 20.5712 10.7527 4.09373 
Landmark20: 7.52128 15.0257 10.6355 7.50525 16.0252 10.6625 
