0 20
Landmark1: 27.1613 16.6139 15.373 26.8409 16.7002 16.3163 
Landmark2: 22.2361 16.8424 12.1095 21.7793 17.482 12.7278 
Landmark3: 18.1555 17.0993 11.6427 18.4803 17.2067 12.5823 
Landmark4: 16.0638 17.4705 13.5971 16.6609 17.6594 14.3767 
Landmark5: 12.8795 17.4424 14.37 12.94 16.8826 15.1964 
Landmark6: 10.3066 16.9304 14.4658 9.53631 16.9795 13.8301 
Landmark7: 3.26383 19.1855 19.155 2.78195 19.9381 19.6037 
Landmark8: 4.65889 18.6401 17.9006 3.80286 19.022 17.5522 
Landmark9: 0.434017 17.6333 18.0118 0.904446 18.1756 18.7079 
Landmark10: -0.895612 17.0809 17.9985 -1.31489 17.0818 18.9063 
Landmark11: -2.25599 17.2991 16.9953 -3.09473 17.3262 17.5392 
Landmark12: -2.4112 17.5346 15.9874 -3.0096 18.2803 16.2805 
Landmark13: -0.507112 18.51 12.4222 -1.00117 19.3786 12.46 
Landmark14: -2.22117 18.3025 10.1269 -2.31473 19.2596 10.4012 
Landmark15: -2.77266 18.5604 9.21767 -3.17609 19.4747 9.25348 
Landmark16: 0.208322 17.306 6.98194 0.0368001 17.6955 6.07701 
Landmark17: 9.74745 17.682 9.05372 9.83089 18.0157 8.11475 
Landmark18: 15.6498 17.2638 7.83152 15.4242 17.573 6.90767 
Landmark19: 19.8083 17.4974 8.90467 20.3709 17.9756 8.2303 
Landmark20: 6.20913 19.689 15.1205 6.00702 20.4448 15.7434 
