0 20
Landmark1: 33.8176 12.7664 12.5228 33.0546 12.5636 11.9091 
Landmark2: 28.4143 12.5067 8.26057 29.3916 12.7137 8.21577 
Landmark3: 25.1196 12.5425 7.22914 24.9 12.9252 8.12655 
Landmark4: 22.6064 12.8414 8.95825 23.2349 13.527 9.32576 
Landmark5: 19.7131 12.7738 9.22294 20.1171 12.8007 10.1373 
Landmark6: 17.6308 12.4923 9.08828 17.7284 11.9252 9.90617 
Landmark7: 11.2344 14.5055 13.1921 10.6582 14.8061 13.9521 
Landmark8: 11.4518 14.0177 11.8288 10.6114 14.531 12.0029 
Landmark9: 7.01832 13.5651 12.7707 7.7626 14.1286 13.1291 
Landmark10: 5.50246 14.0987 13.2507 5.41313 14.8937 13.8507 
Landmark11: 4.5955 13.1913 11.7876 3.72584 13.5077 12.1665 
Landmark12: 4.28917 13.3366 10.3012 3.90984 14.081 9.75159 
Landmark13: 7.41375 13.653 6.69239 6.72679 14.3789 6.72624 
Landmark14: 5.48702 13.4171 5.1032 5.35991 14.2645 5.61881 
Landmark15: 5.00886 13.571 4.27344 4.47256 14.4121 4.34424 
Landmark16: 8.90449 12.3955 1.92481 8.81344 12.726 0.98542 
Landmark17: 18.0459 13.353 3.89372 18.0515 13.5401 2.9114 
Landmark18: 22.8557 12.7403 3.41556 23.1157 13.2634 2.60392 
Landmark19: 26.8497 12.7402 4.92037 27.1932 13.3666 4.22063 
Landmark20: 13.0292 14.4747 8.7269 12.9438 15.4546 8.90716 
