0 20
Landmark1: 17.0672 5.15961 13.947 17.5913 5.95909 14.2404 
Landmark2: 12.4051 4.40458 11.2385 12.6294 5.27426 11.6782 
Landmark3: 9.77261 3.77247 11.0822 10.0449 3.9133 12.034 
Landmark4: 8.20073 4.17226 12.4933 8.95295 4.79896 12.6968 
Landmark5: 5.88918 3.74065 13.3397 6.41206 3.58602 14.1779 
Landmark6: 4.14475 3.02101 13.4128 4.32436 2.81411 14.3745 
Landmark7: -0.788517 4.03503 17.8228 -1.29501 4.71516 18.3528 
Landmark8: -0.208956 3.79309 16.6554 -1.20776 3.74531 16.6454 
Landmark9: -3.33025 2.74807 17.3622 -3.64532 3.51735 17.9181 
Landmark10: -4.48035 2.22313 17.7727 -4.92579 2.55143 18.6056 
Landmark11: -5.41352 1.73237 16.9124 -6.37291 1.62462 17.1731 
Landmark12: -5.30637 2.04204 16.4067 -5.95475 2.76623 16.1718 
Landmark13: -4.19425 2.45947 13.1229 -5.01905 3.01903 13.2042 
Landmark14: -5.43853 1.92249 11.6618 -6.13671 2.34216 12.2418 
Landmark15: -5.57178 1.66701 10.7608 -6.45685 1.70485 10.2968 
Landmark16: -2.27936 1.66293 9.26004 -2.21315 1.95029 8.30451 
Landmark17: 2.62427 3.92963 9.74465 2.47183 4.22933 8.80287 
Landmark18: 7.62284 3.22 8.40243 7.47424 3.77551 7.5843 
Landmark19: 10.8374 4.0008 9.09994 10.8845 4.64562 8.33705 
Landmark20: 0.617419 4.27602 14.2858 0.738183 4.87852 15.0747 
