0 20
Landmark1: 17.2047 6.05234 11.4593 17.9233 6.55008 11.945 
Landmark2: 12.7635 6.06558 8.18682 12.2738 6.4008 8.99163 
Landmark3: 9.89899 5.82829 8.11384 10.0381 5.44127 9.02535 
Landmark4: 8.78984 6.35489 9.5893 9.55117 6.94874 9.84952 
Landmark5: 6.53008 6.31096 9.96301 6.884 5.41506 10.2316 
Landmark6: 4.79309 5.89049 9.74005 5.14512 5.23138 10.4046 
Landmark7: -0.804798 6.76016 13.762 -1.12732 7.69407 13.9162 
Landmark8: 0.600996 6.56049 12.6355 -0.237089 7.10596 12.6267 
Landmark9: -1.98715 6.21713 12.4865 -2.06521 7.09574 12.9576 
Landmark10: -3.47674 5.69569 12.7286 -3.56208 6.26982 13.5429 
Landmark11: -4.50083 5.52295 12.0303 -5.02037 5.71511 12.8629 
Landmark12: -4.38911 5.70675 11.4438 -4.95875 6.52479 11.5232 
Landmark13: -2.98331 6.31501 8.38084 -3.51708 7.16061 8.38777 
Landmark14: -4.21222 6.32356 7.09607 -4.49368 7.23779 7.38754 
Landmark15: -4.39842 6.39109 6.1837 -5.14705 7.05342 6.21316 
Landmark16: -1.77303 5.57756 4.69412 -1.86743 6.14878 3.87877 
Landmark17: 4.0427 7.29937 6.1571 4.21675 7.57054 5.21044 
Landmark18: 8.47717 6.18408 5.13168 8.74661 6.48514 4.21694 
Landmark19: 11.4936 6.29132 6.10922 11.7901 6.59078 5.20238 
Landmark20: 2.12676 7.42374 9.57173 2.18753 8.34527 9.95524 
