0 20
Landmark1: 17.4751 9.75605 6.49464 18.4439 9.99621 6.43262 
Landmark2: 14.1685 9.71498 5.46901 14.799 10.4912 5.461 
Landmark3: 10.8801 9.94146 5.14661 11.1916 10.7864 5.58148 
Landmark4: 10.3014 10.4587 5.6233 10.7352 11.0999 6.25627 
Landmark5: 8.39547 10.3444 5.9704 8.66042 10.0882 6.89999 
Landmark6: 7.04739 10.5399 6.28488 7.18154 10.5086 7.27534 
Landmark7: 1.5647 12.6244 9.5343 1.37853 13.6069 9.53111 
Landmark8: 2.13051 12.0873 8.51984 1.89403 13.0568 8.45514 
Landmark9: -0.278214 12.1197 9.27605 0.0773109 12.7397 9.97547 
Landmark10: -1.14729 12.3918 9.62472 -1.69833 13.0817 9.15527 
Landmark11: -1.75385 11.8861 8.89584 -2.69044 11.5788 9.06434 
Landmark12: -1.58264 11.9002 8.65038 -2.10622 12.533 8.07986 
Landmark13: 1.17626 11.0093 5.93395 0.448159 11.5655 5.53329 
Landmark14: -0.262866 10.3103 4.7978 -0.63779 11.2359 4.74569 
Landmark15: -0.421604 10.0833 4.54501 -1.19872 10.2328 3.93369 
Landmark16: 1.50683 9.87718 4.26538 1.62698 10.4977 3.49043 
Landmark17: 4.6294 10.5306 4.76237 4.70375 10.8203 3.80813 
Landmark18: 9.8712 9.52486 3.85279 9.90791 9.93487 2.94145 
Landmark19: 13.1719 9.49106 4.35915 13.3967 9.63152 3.39492 
Landmark20: 3.08611 11.6314 6.4815 3.29327 12.5864 6.26927 
