0 20
Landmark1: 19.3296 11.2939 7.8097 20.0424 11.9542 8.04593 
Landmark2: 15.7101 11.742 6.45826 16.1502 12.4292 7.0363 
Landmark3: 12.7652 12.1994 6.09965 12.897 12.8513 6.84634 
Landmark4: 11.7814 12.4987 6.85172 12.4681 12.7213 7.54376 
Landmark5: 9.85132 12.2163 7.12386 9.8985 11.9274 8.08004 
Landmark6: 8.46785 11.8277 7.14899 8.63271 11.2886 7.97497 
Landmark7: 2.99354 13.5322 10.8986 2.81552 14.5159 10.8744 
Landmark8: 3.56686 13.1608 9.9334 2.87402 13.8637 10.0943 
Landmark9: 0.706598 13.1009 10.691 1.13309 13.8405 11.2117 
Landmark10: -0.185851 12.9971 10.7658 -0.280204 13.5311 11.606 
Landmark11: -0.707143 13.2205 10.1086 -0.407718 13.6168 10.9765 
Landmark12: -0.761375 13.1487 9.95139 -1.54937 13.763 9.99248 
Landmark13: 2.45038 12.6605 6.86108 1.98601 13.5456 6.89359 
Landmark14: 0.918261 12.2356 5.78185 0.395052 13.0272 6.09735 
Landmark15: 0.696634 12.1002 5.64695 0.0192538 12.6665 5.17752 
Landmark16: 2.14203 11.8688 5.21333 2.19588 12.2017 4.27188 
Landmark17: 6.05422 12.5349 5.79149 5.93984 12.8433 4.84715 
Landmark18: 11.766 11.8826 4.65922 11.7507 12.4667 3.84774 
Landmark19: 14.63 11.8762 5.22354 14.976 12.4034 4.44746 
Landmark20: 4.3123 13.2016 7.82892 4.42319 14.1643 7.58227 
