0 20
Landmark1: 15.8362 8.64525 8.85762 16.4764 8.79707 9.61065 
Landmark2: 13.2056 8.93515 7.49303 12.9442 9.62354 8.16964 
Landmark3: 10.966 9.09345 7.14408 11 9.63677 7.98292 
Landmark4: 9.2679 9.14369 8.74163 8.7434 9.27808 9.58237 
Landmark5: 7.61543 8.91218 8.61365 7.78526 8.28924 7.85004 
Landmark6: 6.21183 8.67377 8.19394 5.23866 8.70164 8.42236 
Landmark7: 2.04171 9.05401 11.1939 1.46597 9.86818 11.269 
Landmark8: 2.98245 9.11562 10.163 2.4747 9.97682 10.1403 
Landmark9: -0.319833 8.31376 10.366 -0.189023 8.5008 11.3396 
Landmark10: -0.833107 8.24853 10.615 -0.583161 7.92482 11.5276 
Landmark11: -1.52897 8.21588 9.53582 -2.41098 8.505 9.90793 
Landmark12: -1.51521 8.39095 9.23518 -2.03517 9.1887 9.54052 
Landmark13: 1.29117 8.48888 4.28276 1.29022 8.896 3.36939 
Landmark14: -0.493412 8.88898 5.37739 -0.917686 9.70422 5.77158 
Landmark15: -0.722049 8.82296 5.08525 -1.50045 9.38586 4.80733 
Landmark16: 1.50293 8.57044 4.29346 1.42079 9.22309 3.54026 
Landmark17: 5.38186 9.36097 5.72296 5.58169 9.60578 4.7742 
Landmark18: 9.21097 9.27648 5.19956 9.25634 9.86844 4.39488 
Landmark19: 11.8149 9.135 5.80926 12.1588 9.73516 5.08707 
Landmark20: 3.76618 10.0616 8.72606 3.44325 10.9394 9.07993 
