0 20
Landmark1: 15.4584 10.73 6.4366 16.1674 10.7184 7.14174 
Landmark2: 12.6097 10.6166 5.08916 12.9745 11.4609 5.48168 
Landmark3: 10.2712 10.5455 4.86073 10.4203 10.9657 5.75582 
Landmark4: 9.18496 11.0629 5.73054 9.83379 11.6788 6.17748 
Landmark5: 7.78279 10.6271 6.03941 8.25816 10.2137 6.81603 
Landmark6: 6.34634 10.1901 5.73833 5.76776 9.73407 6.41453 
Landmark7: 3.28499 11.5071 8.59623 2.84677 12.4059 8.58636 
Landmark8: 3.68728 11.2511 7.67391 3.05053 12.0005 7.85544 
Landmark9: 0.558293 10.8153 8.30374 0.489863 11.2374 9.20767 
Landmark10: 0.0383961 10.5103 8.55567 -0.276714 11.4579 8.60885 
Landmark11: -0.568582 10.6178 7.97803 -1.26265 11.3186 7.81365 
Landmark12: -0.698869 10.6701 7.44416 -1.49413 11.211 7.7179 
Landmark13: 1.17957 10.7614 4.87949 0.546265 11.5187 4.71987 
Landmark14: 0.497318 10.4087 3.68554 0.193234 11.3501 3.83139 
Landmark15: 0.230812 10.3183 3.28045 -0.488606 10.6794 2.68709 
Landmark16: 1.8436 9.63019 2.60278 1.84168 9.91675 1.64472 
Landmark17: 5.4863 10.6062 3.52564 5.4729 10.8864 2.56578 
Landmark18: 8.86559 10.424 3.04593 8.83111 10.8047 2.12186 
Landmark19: 11.2535 10.4332 3.54696 11.4937 10.8396 2.66544 
Landmark20: 3.78693 11.709 5.92585 3.49435 12.6645 5.88935 
