0 20
Landmark1: 7.58739 13.4021 0.727469 7.74062 13.3571 -0.259695 
Landmark2: 6.49582 15.8408 4.84437 7.44732 15.6668 5.09805 
Landmark3: 6.89277 16.5358 7.69248 7.53423 15.7913 7.50728 
Landmark4: 8.31375 16.2246 8.336 8.05645 16.2144 7.36973 
Landmark5: 9.62584 16.1236 10.3519 10.2825 16.8776 10.3699 
Landmark6: 9.69264 16.4165 12.5044 9.43573 15.45 12.4997 
Landmark7: 14.9227 14.9326 16.229 15.624 15.6454 16.2357 
Landmark8: 13.7523 15.4034 15.6193 14.3047 16.2351 15.6753 
Landmark9: 14.4093 15.6491 18.3799 15.4067 15.6829 18.3156 
Landmark10: 14.792 15.1959 19.3314 15.5938 14.8597 18.8373 
Landmark11: 14.9402 15.421 20.9131 15.8653 15.6766 21.194 
Landmark12: 14.513 15.8634 21.3873 15.0749 16.6038 21.7561 
Landmark13: 11.9889 18.1556 20.0405 12.7149 18.7895 20.3072 
Landmark14: 11.2296 19.4166 21.4576 12.1556 19.7827 21.365 
Landmark15: 10.4681 19.8757 21.8041 10.941 20.6849 22.1528 
Landmark16: 8.52154 20.3343 19.8919 8.1416 21.2593 19.9005 
Landmark17: 7.71996 19.5191 12.9147 7.25077 20.4021 12.9264 
Landmark18: 5.23043 18.8253 8.92118 4.71556 19.6717 8.78543 
Landmark19: 5.34214 17.9644 6.35592 5.24558 18.934 6.13089 
Landmark20: 11.921 17.6566 14.73 12.6807 18.112 14.2659 
