0 20
Landmark1: 40.8178 18.6995 21.4843 41.462 18.6377 22.2466 
Landmark2: 33.2091 19.0218 14.9807 33.9552 19.6784 14.8705 
Landmark3: 28.922 18.7699 14.1312 28.674 19.4779 14.7924 
Landmark4: 25.4417 19.2013 16.9346 25.9288 19.4058 17.7836 
Landmark5: 21.6926 18.6477 16.7088 22.2149 18.3784 17.5179 
Landmark6: 18.6604 17.8274 16.8005 19.4507 17.349 17.1834 
Landmark7: 9.06957 18.2754 25.4324 8.1636 18.632 25.6605 
Landmark8: 10.1374 18.3674 22.9335 9.65586 19.2426 22.9785 
Landmark9: 4.34954 16.5518 22.6345 4.29161 17.1163 23.4579 
Landmark10: 2.58377 15.671 23.0222 3.00044 15.5285 23.9201 
Landmark11: 0.842473 15.4111 21.5465 0.56078 16.3114 21.8784 
Landmark12: 0.487619 15.8464 19.547 -0.0867704 16.6269 19.7938 
Landmark13: 4.3229 17.7518 15.0476 3.72275 18.4792 14.7148 
Landmark14: 2.53741 17.4497 11.4308 2.05652 18.2022 11.8808 
Landmark15: 1.39286 17.2659 10.0573 1.03606 18.1201 10.4356 
Landmark16: 5.65058 17.1923 7.44777 5.58966 18.1771 7.28502 
Landmark17: 17.0045 19.5398 9.69108 16.9639 19.8012 8.72671 
Landmark18: 25.9777 18.192 8.08871 26.087 18.6854 7.22581 
Landmark19: 31.6547 18.6807 10.6067 32.1547 19.126 9.86395 
Landmark20: 10.895 20.6905 18.9013 10.7851 21.6579 18.6731 
