0 20
Landmark1: 37.4799 16.5266 19.4056 37.9831 16.357 20.2529 
Landmark2: 30.501 16.7786 13.4174 30.0758 17.2344 14.1994 
Landmark3: 26.3599 17.6463 13.2613 26.5484 18.1865 14.0815 
Landmark4: 23.6142 17.9207 15.7799 24.4921 18.3834 15.9038 
Landmark5: 19.5135 18.4727 15.8758 19.5006 17.5527 16.2675 
Landmark6: 16.5369 18.2394 15.6237 17.4607 17.859 15.6694 
Landmark7: 7.57976 20.2285 24.4166 7.10309 21.1076 24.4133 
Landmark8: 9.0686 19.7476 21.9118 8.49839 20.5691 21.9037 
Landmark9: 3.43598 20.0963 21.9194 2.99365 20.5622 22.6858 
Landmark10: 1.73133 19.8279 22.0078 1.97964 19.0527 21.4269 
Landmark11: 0.446078 18.1857 20.4115 -0.301225 18.8489 20.4529 
Landmark12: 0.49561 18.9161 18.3208 -0.214553 19.4344 17.8442 
Landmark13: 4.2373 19.9602 13.2925 3.51852 20.628 13.0991 
Landmark14: 1.87202 19.808 9.89775 1.83621 20.7976 10.0369 
Landmark15: 1.50672 19.4948 7.91038 0.833041 19.9876 7.35968 
Landmark16: 7.53254 18.7104 6.64658 7.88328 19.1105 5.79991 
Landmark17: 15.5583 19.2304 8.23036 15.7235 19.1234 7.24991 
Landmark18: 23.9579 17.9014 7.19138 23.9255 18.2527 6.25567 
Landmark19: 29.7222 17.1655 9.59112 30.1327 17.444 8.72282 
Landmark20: 10.1726 22.0891 18.2891 10.1787 23.0359 17.9673 
