0 20
Landmark1: 18.0648 12.5494 10.18 18.8918 12.7254 10.7139 
Landmark2: 14.2872 12.7281 7.59087 13.7897 12.8838 8.44421 
Landmark3: 12.2419 12.8497 7.37175 12.1225 12.8759 8.36425 
Landmark4: 10.194 12.7634 8.98697 11.0381 13.2605 8.78624 
Landmark5: 8.01895 12.9048 9.24879 8.30633 12.135 9.81874 
Landmark6: 6.49084 12.5045 9.13409 6.98433 11.9754 9.82439 
Landmark7: 1.73864 12.9467 13.8998 1.35748 13.5338 14.6139 
Landmark8: 3.01272 13.0119 12.5883 2.12091 13.2889 12.2306 
Landmark9: 0.189487 12.3937 12.4368 0.110726 13.3559 12.6974 
Landmark10: -1.19622 12.238 12.5062 -0.737452 13.0051 12.9547 
Landmark11: -1.82316 11.9848 12.0016 -2.36435 12.8222 11.9256 
Landmark12: -1.78467 12.1275 11.4896 -2.36118 12.9421 11.4262 
Landmark13: 0.373334 13.4412 7.98867 0.0691617 14.3797 8.15211 
Landmark14: -1.36988 13.562 7.08446 -1.01056 14.3651 7.55976 
Landmark15: -1.84162 13.54 6.80358 -2.47942 14.2844 6.60596 
Landmark16: 0.772338 12.7312 4.93403 0.774138 13.294 4.10745 
Landmark17: 4.51888 13.1993 6.01246 4.67927 12.9709 5.0522 
Landmark18: 9.7341 12.95 5.02292 9.85281 12.7361 4.05331 
Landmark19: 13.121 13.1548 5.77132 13.4013 13.7112 4.98908 
Landmark20: 2.96711 14.1478 10.3782 2.90258 15.1257 10.5771 
