0 20
Landmark1: 18.1038 12.3821 9.22062 18.8514 13.039 9.3185 
Landmark2: 14.8387 12.0911 7.40257 15.5038 12.7946 7.65295 
Landmark3: 12.0931 12.0747 6.92023 12.1694 12.3669 7.87353 
Landmark4: 10.5718 12.8821 8.10753 10.9417 13.8095 8.05124 
Landmark5: 8.61158 12.8943 8.43827 8.61386 12.7432 9.4268 
Landmark6: 7.11927 12.5063 8.39963 7.56461 11.9189 9.07541 
Landmark7: 2.61839 14.5854 11.656 2.3469 15.4877 11.9909 
Landmark8: 3.12121 14.262 10.7807 2.43843 14.8699 10.3755 
Landmark9: 0.460926 13.877 10.6838 0.47294 14.7922 11.0868 
Landmark10: -0.771314 13.7494 10.7358 -1.23245 14.166 11.5192 
Landmark11: -1.53749 13.4529 9.81444 -2.34447 14.0325 9.92749 
Landmark12: -1.34715 13.5933 9.39492 -1.7489 14.5074 9.34012 
Landmark13: 1.2788 13.3594 6.57752 0.733621 14.1163 6.21705 
Landmark14: -0.478901 12.694 5.08294 -0.775889 13.5768 5.44681 
Landmark15: -0.935666 12.7207 4.73701 -1.16988 13.6283 4.38841 
Landmark16: 1.99998 11.6919 3.58135 2.09512 12.0193 2.64129 
Landmark17: 6.25711 12.4074 4.91502 6.46413 11.9271 4.06267 
Landmark18: 10.9815 11.6772 4.54682 11.1144 12.0324 3.62151 
Landmark19: 13.8486 11.7855 5.63538 14.299 12.3501 4.94379 
Landmark20: 3.53736 14.773 9.07553 3.66096 15.7254 9.354 
