0 20
Landmark1: 26.0337 18.6489 14.6147 26.7271 18.6386 15.3351 
Landmark2: 21.3532 18.6128 11.2619 20.8169 19.3537 11.6661 
Landmark3: 17.8104 18.8551 10.2146 17.8732 19.5208 10.9582 
Landmark4: 15.2792 19.4985 12.2059 16.023 20.0325 12.6079 
Landmark5: 12.1652 19.215 12.4426 12.5031 18.9372 13.3419 
Landmark6: 9.8449 18.6931 12.2007 9.98611 17.8841 12.7713 
Landmark7: 2.3577 19.9971 18.4961 1.7944 20.5223 19.134 
Landmark8: 4.61465 19.9922 15.2674 3.88969 20.6767 15.1902 
Landmark9: -0.139997 19.0558 16.0471 -0.507087 19.8357 16.5541 
Landmark10: -2.20553 18.295 16.17 -2.6477 18.666 16.9866 
Landmark11: -3.36673 17.9494 14.2172 -4.33816 17.754 14.3518 
Landmark12: -3.02669 18.2744 13.536 -3.45574 19.0608 13.0916 
Landmark13: -0.435313 19.3358 9.72784 -0.854418 20.2419 9.78488 
Landmark14: -2.10281 19.038 7.4294 -2.50039 19.7306 8.03124 
Landmark15: -2.32815 19.1953 6.59565 -3.00933 19.7859 6.16308 
Landmark16: 0.900199 18.0795 5.01231 1.00837 18.3459 4.05453 
Landmark17: 9.23664 18.8231 6.69569 9.46897 18.7339 5.72715 
Landmark18: 15.5047 18.614 6.2836 15.4098 19.0694 5.39841 
Landmark19: 20.1126 18.5924 7.81049 20.741 19.1955 7.31924 
Landmark20: 4.34316 20.9482 13.0623 3.87316 21.8308 13.0774 
