0 20
Landmark1: 31.7562 20.1144 10.5628 31.9909 20.0994 11.5348 
Landmark2: 25.7009 20.0304 6.74852 25.6504 20.9041 7.23236 
Landmark3: 22.794 19.4914 6.55976 22.7874 19.8461 7.4947 
Landmark4: 20.0769 19.6193 9.2552 21.0064 19.9796 9.33434 
Landmark5: 16.9331 19.2615 8.9389 16.6653 19.1934 9.89994 
Landmark6: 14.6339 18.7232 8.77653 14.3241 18.9197 9.70679 
Landmark7: 7.59485 20.1635 16.8657 7.49926 20.9928 17.4162 
Landmark8: 9.55001 20.0035 13.803 8.67209 20.4669 13.9234 
Landmark9: 5.32566 19.4645 14.4605 5.26573 20.2431 15.0852 
Landmark10: 3.52209 18.8075 14.5143 2.71022 18.3564 14.1437 
Landmark11: 2.25969 19.0929 12.6624 1.66357 19.8958 12.6648 
Landmark12: 2.58175 19.4498 12.1019 2.04367 20.255 11.8527 
Landmark13: 5.19339 20.3972 8.60435 4.92534 21.3548 8.70942 
Landmark14: 2.32077 20.287 6.29634 2.26672 21.1261 6.8375 
Landmark15: 1.81875 20.363 5.82226 1.04571 20.8709 5.44214 
Landmark16: 5.70154 18.6882 2.86333 5.59134 18.1381 2.03553 
Landmark17: 12.0897 19.9973 4.20779 12.0376 20.3331 3.26729 
Landmark18: 19.4357 19.6666 2.73363 19.3195 20.1506 1.86633 
Landmark19: 23.8005 20.1478 3.66449 23.9735 20.8916 3.01892 
Landmark20: 9.82058 21.7371 10.4219 9.58521 22.7047 10.3309 
