0 20
Landmark1: 27.816 15.2461 17.8169 28.396 15.0603 18.61 
Landmark2: 22.7359 15.561 13.3152 22.2672 16.2309 13.891 
Landmark3: 19.3591 15.6499 12.6135 19.2717 16.3475 13.3247 
Landmark4: 16.5087 15.3821 15.9025 17.1979 16.0072 16.269 
Landmark5: 13.8171 15.5227 15.4998 14.3771 14.8302 15.9547 
Landmark6: 11.8655 15.2291 15.4816 11.7467 14.4478 16.0943 
Landmark7: 5.14316 15.6321 21.4288 4.53739 16.3259 21.8181 
Landmark8: 5.68609 15.76 20.1146 4.76465 15.9748 19.7908 
Landmark9: 2.28165 15.1253 19.9413 2.22829 15.9927 20.4359 
Landmark10: 0.545747 14.4267 20.3023 0.179243 14.3677 21.2309 
Landmark11: -1.09486 13.849 19.215 -1.89986 13.437 19.6419 
Landmark12: -1.02366 14.3254 17.8929 -1.77204 14.9724 17.7469 
Landmark13: 2.04051 15.8185 13.8622 1.23027 16.3764 13.6828 
Landmark14: -0.885323 15.6337 11.0506 -0.960212 16.1726 11.8896 
Landmark15: -1.08089 15.442 9.60254 -1.91663 15.6839 9.10954 
Landmark16: 2.39198 14.6593 7.63482 2.44708 15.2535 6.83238 
Landmark17: 10.8579 15.8111 9.6399 10.8367 16.1533 8.70052 
Landmark18: 16.9969 16.2172 8.82301 16.8852 16.7682 7.996 
Landmark19: 21.4279 16.0151 10.1845 21.9076 16.601 9.5313 
Landmark20: 6.30313 17.4224 17.4869 6.05043 18.3065 17.88 
