0 20
Landmark1: 32.8262 19.4665 8.61035 33.4725 19.9941 8.05915 
Landmark2: 26.3799 19.0035 4.50325 26.6605 19.9525 4.64679 
Landmark3: 23.9048 18.5427 4.69364 24.0867 18.8871 5.61466 
Landmark4: 21.9193 18.6417 6.78799 21.1284 19.2483 6.70731 
Landmark5: 19.0857 18.1349 8.21257 18.6355 18.6492 7.48269 
Landmark6: 17.2001 17.5418 8.47824 17.9855 17.1397 8.94888 
Landmark7: 10.4743 16.1804 14.8769 10.3538 16.9971 15.4413 
Landmark8: 12.0392 17.5855 12.7848 12.1395 18.1657 13.5931 
Landmark9: 8.71118 15.4339 13.2181 8.7515 16.2863 13.7394 
Landmark10: 6.94081 15.0124 13.8418 6.96019 15.7065 14.5614 
Landmark11: 5.94886 14.3523 12.8537 5.11856 14.8982 12.9657 
Landmark12: 5.81098 14.7818 11.9003 4.8208 14.8059 12.038 
Landmark13: 8.47346 16.8266 7.3227 7.81365 17.3661 7.84578 
Landmark14: 5.44655 16.1914 6.28982 4.85375 16.7133 6.90316 
Landmark15: 4.55012 15.8364 5.68699 4.36612 16.7708 5.38179 
Landmark16: 9.21134 16.3982 2.94643 8.53904 16.1878 2.23667 
Landmark17: 14.4851 17.7836 3.43424 14.3808 18.5584 2.81069 
Landmark18: 20.2116 18.1466 1.62413 20.2873 18.8952 0.96548 
Landmark19: 24.5761 18.8395 2.05667 23.9761 19.4895 1.59032 
Landmark20: 11.8522 18.2734 10.5431 11.8418 19.2542 10.7377 
