0 20
Landmark1: 29.6115 18.4793 20.3275 29.3774 18.4898 21.2997 
Landmark2: 24.4723 17.1292 16.0372 24.8181 17.8964 16.5774 
Landmark3: 20.5355 16.7048 14.9934 20.6127 17.1805 15.8696 
Landmark4: 18.5969 17.8231 16.8723 19.4231 18.2328 17.259 
Landmark5: 15.4653 17.7608 17.5631 15.7516 17.8741 18.5145 
Landmark6: 13.6975 16.9334 17.3567 14.0258 16.6027 18.2415 
Landmark7: 6.06652 19.2123 22.896 5.29335 19.7088 23.2906 
Landmark8: 7.83367 18.9769 20.8337 7.1444 19.4813 20.3137 
Landmark9: 3.65198 18.1387 21.1266 3.91708 18.7157 21.8992 
Landmark10: 1.72926 18.0675 22.018 1.63279 18.4487 22.9374 
Landmark11: 1.33903 17.2491 20.0836 0.4693 17.6111 20.419 
Landmark12: 1.58425 17.6191 19.4543 0.972515 18.4098 19.4758 
Landmark13: 4.4237 17.7673 15.6125 3.65937 18.3875 15.436 
Landmark14: 1.83818 16.8319 13.351 1.45332 17.3549 14.1114 
Landmark15: 1.66564 16.7636 12.6608 1.12661 17.4127 12.124 
Landmark16: 5.23958 15.3516 10.7876 5.22144 15.61 9.8217 
Landmark17: 12.6093 16.8834 12.1432 12.475 17.162 11.1922 
Landmark18: 19.0424 16.2964 11.2312 19.1118 16.6999 10.3189 
Landmark19: 22.7642 16.6582 12.6608 23.2823 17.1996 11.9986 
Landmark20: 7.60578 19.9797 18.2559 7.58923 20.9796 18.2466 
