0 20
Landmark1: 20.7674 8.0827 16.9039 21.4009 8.64838 17.4318 
Landmark2: 14.1815 9.0735 12.3665 14.7696 9.85282 12.5826 
Landmark3: 10.3529 8.63747 12.0632 10.5287 8.95407 12.9953 
Landmark4: 8.27086 8.9261 14.533 8.93255 9.3153 15.1738 
Landmark5: 5.03121 8.58448 15.3188 5.43008 7.73995 15.6761 
Landmark6: 2.87098 7.99068 14.9249 2.62691 7.05054 15.1627 
Landmark7: -5.56639 7.90127 22.9089 -5.70383 8.63816 23.5708 
Landmark8: -2.83091 8.24786 20.1668 -3.64145 8.81549 20.0226 
Landmark9: -6.44786 7.30599 20.6892 -6.43087 8.1598 21.2095 
Landmark10: -8.37504 6.42061 21.2838 -8.16072 6.60247 22.2435 
Landmark11: -9.94937 6.64909 19.6572 -10.6133 7.36752 19.8648 
Landmark12: -9.64181 7.05531 18.8104 -10.1955 7.82976 19.1165 
Landmark13: -7.25971 8.87867 14.9563 -7.97242 9.48921 15.3016 
Landmark14: -10.0538 9.59785 13.2834 -10.1425 10.511 13.6813 
Landmark15: -10.3653 9.48212 12.1679 -10.8986 10.2092 11.7354 
Landmark16: -6.67559 8.29893 9.70205 -6.69835 8.59583 8.74741 
Landmark17: 0.704662 9.4144 10.5784 0.817687 9.46351 9.58606 
Landmark18: 7.5357 9.09605 8.63653 7.5413 9.70026 7.83972 
Landmark19: 12.367 9.20885 9.63072 12.5599 9.92151 8.95625 
Landmark20: -2.75518 9.7503 17.4105 -2.77434 10.4397 18.1347 
