0 20
Landmark1: 17.6319 9.23806 14.0826 18.2179 9.98328 14.4007 
Landmark2: 13.9449 9.61301 12.5955 14.8028 10.083 12.3879 
Landmark3: 11.7856 10.0367 12.4122 11.9791 10.2384 13.3723 
Landmark4: 11.1338 11.3791 13.1863 11.9156 11.7803 13.6636 
Landmark5: 9.53991 11.6827 13.8844 9.7361 11.9229 14.8351 
Landmark6: 8.18671 12.0366 14.3557 8.46146 12.2684 13.4226 
Landmark7: 5.43696 14.8486 16.8422 4.63906 15.3927 17.1016 
Landmark8: 6.01663 14.0953 16.0249 5.34077 14.7733 15.7358 
Landmark9: 3.57604 14.4729 16.5727 4.07712 15.2202 17.0092 
Landmark10: 2.45494 14.5981 16.8365 2.13343 15.1084 17.6342 
Landmark11: 1.87556 14.4482 16.397 0.94849 14.8069 16.5059 
Landmark12: 1.95967 14.5745 15.9844 1.3052 14.9214 15.3126 
Landmark13: 3.51698 13.8783 13.779 3.2545 14.8108 13.5309 
Landmark14: 1.88814 13.8438 12.423 2.06889 14.691 12.9226 
Landmark15: 1.63227 13.7991 12.0635 1.27168 14.4047 11.3541 
Landmark16: 3.14453 12.3901 11.492 3.38282 12.5007 10.5271 
Landmark17: 6.07093 11.9469 12.2149 6.06323 11.9279 11.2151 
Landmark18: 9.87193 10.5108 10.9304 9.80286 10.8127 9.97954 
Landmark19: 12.904 9.73283 11.1399 13.1399 10.063 10.226 
Landmark20: 5.43797 13.9331 14.7563 5.93455 14.7654 14.5103 
