0 20
Landmark1: 17.0322 11.4214 16.6235 17.7855 11.9713 16.9842 
Landmark2: 13.3248 12.3031 14.4439 13.2385 12.8586 15.271 
Landmark3: 11.2267 12.4612 14.2606 11.3292 12.6943 15.2276 
Landmark4: 10.31 12.6465 15.218 10.9249 13.2346 15.7435 
Landmark5: 8.64866 12.1387 15.5841 8.76151 11.9322 16.556 
Landmark6: 7.34649 11.7402 15.484 7.87178 11.5385 16.3107 
Landmark7: 3.54487 12.8923 18.6293 2.8907 13.6486 18.6378 
Landmark8: 4.33979 12.6157 17.5523 3.51243 13.1321 17.7733 
Landmark9: 1.91192 12.3356 17.7696 1.99901 12.9854 18.5246 
Landmark10: 0.597327 12.148 18.0701 0.472729 11.7716 18.9881 
Landmark11: 0.267402 12.0722 17.3677 -0.710327 12.2101 17.5259 
Landmark12: 0.471806 12.4725 17.0179 0.0290627 13.3429 16.8023 
Landmark13: 2.33768 13.1205 15.0701 1.97191 14.0487 15.1384 
Landmark14: 0.848524 13.4218 13.5418 0.629407 13.7854 14.4473 
Landmark15: 0.80536 13.5086 13.0675 0.339107 14.2897 12.6522 
Landmark16: 2.49867 12.863 12.3729 2.78314 13.5309 11.6851 
Landmark17: 5.36488 12.6983 13.5343 5.53366 13.2882 12.7447 
Landmark18: 9.9246 12.6872 12.6771 9.98433 13.3852 11.9635 
Landmark19: 12.7753 12.3302 13.0989 13.0921 13.0451 12.4755 
Landmark20: 3.90571 13.1954 16.1785 3.93044 13.9896 16.7856 
