0 20
Landmark1: 17.1341 11.9247 15.0543 17.3954 12.5161 15.8172 
Landmark2: 13.7427 11.9634 13.1318 13.5615 12.3463 14.0377 
Landmark3: 11.2771 12.1927 12.8405 11.4637 12.4391 13.7916 
Landmark4: 10.4829 12.582 13.803 11.2031 13.1 14.2644 
Landmark5: 8.72088 12.6035 14.412 8.36365 13.3811 14.9295 
Landmark6: 7.58433 12.7144 14.6627 8.04454 12.6481 15.5481 
Landmark7: 3.70192 13.1178 17.3737 2.92869 13.5515 17.8365 
Landmark8: 4.49897 12.8835 16.393 3.55854 13.1379 16.1674 
Landmark9: 1.90104 12.7582 17.0378 2.2382 13.3243 17.79 
Landmark10: 1.15734 12.1998 16.4962 0.59918 12.982 16.7729 
Landmark11: 0.5957 11.9268 15.9625 -0.380366 11.8123 16.1474 
Landmark12: 0.904313 12.4559 15.6931 0.622388 13.3715 15.4065 
Landmark13: 2.62333 12.7347 13.8062 1.93561 13.45 13.6824 
Landmark14: 1.4545 12.7672 12.4384 1.76828 13.3188 13.2112 
Landmark15: 1.18956 12.7656 11.9795 0.380892 13.0695 11.4758 
Landmark16: 2.40177 12.2253 11.1307 2.51614 12.7406 10.2813 
Landmark17: 5.63537 12.3153 12.1178 5.5611 12.7355 11.2134 
Landmark18: 10.3238 12.2948 11.0227 10.3209 12.8447 10.1875 
Landmark19: 12.3531 12.5389 11.5015 12.8056 13.2151 10.92 
Landmark20: 4.72466 13.292 14.2969 4.78052 14.2854 14.3978 
