0 20
Landmark1: 30.3674 14.5631 13.8482 31.0756 14.5581 14.5542 
Landmark2: 25.1882 15.0172 11.1639 24.8539 15.7118 11.8008 
Landmark3: 21.3027 15.7964 10.4489 21.4066 16.4178 11.2255 
Landmark4: 19.349 17.3613 12.1402 19.2845 16.8349 12.9879 
Landmark5: 15.7014 18.7346 12.61 16.3197 18.2047 13.1903 
Landmark6: 9.79654 18.5817 13.1925 10.4395 17.9362 13.6047 
Landmark7: 7.60191 22.4772 19.0823 7.81585 23.4333 19.2822 
Landmark8: 7.70256 22.3674 17.7292 7.34797 23.0675 17.1094 
Landmark9: 3.75958 22.7657 18.235 4.11441 23.6539 18.5268 
Landmark10: 1.14838 23.0945 18.6536 0.402523 22.483 18.9177 
Landmark11: 0.070001 23.0601 17.5411 -0.281597 23.9962 17.546 
Landmark12: 0.919078 22.9857 15.9522 1.41089 23.8499 16.0586 
Landmark13: 2.95542 22.2186 12.541 2.74479 23.1935 12.4693 
Landmark14: 0.893138 22.0015 10.1285 0.866227 22.9433 10.4636 
Landmark15: -0.131518 22.1284 9.06498 -0.326681 23.1045 8.96915 
Landmark16: 4.79905 19.6274 7.68899 4.88144 19.966 6.75167 
Landmark17: 10.5745 18.9156 8.33244 10.49 19.1364 7.36081 
Landmark18: 18.3587 15.7984 6.91998 18.4966 16.0569 5.96384 
Landmark19: 23.0556 15.4624 8.27833 23.7196 15.827 7.62562 
Landmark20: 7.91539 22.394 13.9874 8.3405 23.2974 13.9321 
