0 20
Landmark1: 39.1166 14.8364 15.565 38.9831 14.9013 16.5539 
Landmark2: 32.1817 14.5623 11.1035 32.3987 15.4649 10.7318 
Landmark3: 27.8463 14.497 10.0779 27.9147 15.0081 10.9347 
Landmark4: 25.5983 15.4909 12.1012 26.3388 15.2266 12.7191 
Landmark5: 21.4413 15.8789 13.817 21.7178 16.1077 14.7504 
Landmark6: 15.8531 14.3803 12.9978 16.3749 14.3115 13.8481 
Landmark7: 11.9477 17.7617 19.4659 11.289 18.4571 19.1785 
Landmark8: 12.2716 17.1224 17.6185 11.7642 17.9729 17.7573 
Landmark9: 6.90398 17.9479 18.8142 6.58371 18.816 19.1935 
Landmark10: 4.98957 17.0241 19.3122 4.6693 17.8922 19.6914 
Landmark11: 3.23759 15.7147 17.7728 2.34937 15.7269 18.232 
Landmark12: 3.72699 16.3451 16.6967 3.19022 17.1842 16.6088 
Landmark13: 7.12664 16.4391 11.9133 6.5615 17.2641 11.9188 
Landmark14: 4.29672 15.4812 9.62141 4.13349 16.4002 9.98011 
Landmark15: 3.74944 15.0893 8.06097 2.78684 15.3311 7.93888 
Landmark16: 7.95355 14.1565 6.21488 8.06116 14.5008 5.28219 
Landmark17: 16.9502 15.3193 7.72481 16.8852 15.7785 6.83889 
Landmark18: 25.1919 14.4506 6.34071 25.1556 15.0544 5.54438 
Landmark19: 30.2879 13.9851 7.63044 30.6315 14.1934 6.71472 
Landmark20: 13.515 18.1114 13.9457 13.8289 19.0604 13.9745 
