0 20
Landmark1: 35.0397 14.1655 9.66452 35.8912 14.5579 10.0124 
Landmark2: 29.7984 13.2521 3.50347 30.4035 14.0407 3.61271 
Landmark3: 25.6954 12.3006 2.41609 25.8576 12.7221 3.30829 
Landmark4: 23.6209 13.2675 4.53327 23.9471 13.7237 5.36119 
Landmark5: 19.5933 12.8217 4.72064 19.9852 13.0844 5.60235 
Landmark6: 17.1745 12.0087 4.24754 16.4657 11.4576 4.68783 
Landmark7: 10.2336 13.0837 9.82502 9.60517 13.3987 10.5362 
Landmark8: 11.1801 12.7946 7.59129 10.5333 13.5569 7.566 
Landmark9: 6.53061 11.6156 8.01397 6.69672 12.346 8.67647 
Landmark10: 4.78705 11.0952 8.27815 4.56273 11.5098 9.16009 
Landmark11: 3.67752 10.7292 7.16861 2.87376 11.3045 7.01685 
Landmark12: 3.67752 10.448 6.16475 3.0594 11.204 5.94929 
Landmark13: 6.53061 11.2453 1.30394 5.87881 11.9922 1.17239 
Landmark14: 5.47391 10.3432 -0.650951 4.78445 10.9038 -0.192284 
Landmark15: 4.99839 9.9528 -1.97182 4.20164 10.4657 -2.29144 
Landmark16: 8.43266 9.60741 -3.34553 8.42228 9.88923 -4.30494 
Landmark17: 15.9352 10.881 -1.91899 15.9828 11.1632 -2.87719 
Landmark18: 23.5963 11.4143 -2.34167 23.6516 11.8489 -3.24061 
Landmark19: 29.2496 12.3502 0.141572 29.8543 12.7035 -0.572268 
Landmark20: 10.6517 13.4055 4.10419 10.4323 14.3508 3.86289 
