0 20
Landmark1: 33.7189 9.79328 16.6932 33.9362 10.1018 17.6192 
Landmark2: 28.349 11.3251 10.9309 28.992 11.8538 11.4851 
Landmark3: 24.1886 12.3773 9.6282 24.3721 11.6796 10.3207 
Landmark4: 22.4739 13.3803 11.1314 22.5705 12.522 11.6355 
Landmark5: 18.7734 15.1054 11.3731 18.7978 14.5279 12.1892 
Landmark6: 13.2845 14.4815 9.82973 13.1722 14.9342 10.7143 
Landmark7: 6.3164 19.2748 17.6706 6.0282 20.2324 17.667 
Landmark8: 9.43183 18.7544 15.8512 8.99051 19.5224 15.3871 
Landmark9: 5.72346 18.9135 14.461 6.01954 19.8213 14.7582 
Landmark10: 3.58812 18.8706 14.8451 3.53057 19.1206 15.8117 
Landmark11: 2.33209 18.6892 13.548 1.43019 18.8095 13.9629 
Landmark12: 2.66743 18.6236 11.9256 2.02381 19.0485 11.2891 
Landmark13: 6.326 18.7508 7.73054 5.32952 18.7176 7.80749 
Landmark14: 4.76935 18.7183 5.57185 4.53898 19.6374 5.89168 
Landmark15: 4.27171 18.8824 4.30488 3.86102 19.768 4.52173 
Landmark16: 7.4644 16.7353 2.66685 7.77608 16.9729 1.74684 
Landmark17: 15.5165 16.5899 5.32296 15.4944 17.3798 4.71011 
Landmark18: 21.4466 12.9898 4.58718 21.4978 13.2386 3.61999 
Landmark19: 27.4062 11.7896 6.95331 28.2883 12.0511 6.5615 
Landmark20: 11.4785 19.5359 12.2721 11.7715 20.4504 12.5512 
