0 20
Landmark1: 31.0652 15.417 15.7249 31.9887 15.6109 16.0559 
Landmark2: 24.2421 14.993 10.7319 24.5463 15.9392 10.8429 
Landmark3: 20.691 14.3714 10.6009 20.8161 14.7332 11.5247 
Landmark4: 18.2725 15.2802 12.8934 18.9873 15.6608 13.4802 
Landmark5: 15 14.8924 13.3649 15.4467 14.0729 13.7239 
Landmark6: 10.3345 12.8403 13.851 11.2434 13.0209 13.4751 
Landmark7: 5.35383 15.2531 21.2865 4.96016 16.1238 20.9916 
Landmark8: 7.38478 15.0999 18.9388 6.77109 15.8841 18.8472 
Landmark9: 3.66615 14.332 19.4946 3.82625 15.0507 20.1713 
Landmark10: 1.70635 15.3436 19.5888 1.05379 16.0893 19.7234 
Landmark11: 0.239058 13.7279 19.1725 -0.516644 14.1906 19.6359 
Landmark12: 0.552871 13.6004 17.4744 0.0534947 14.4663 17.5029 
Landmark13: 2.29105 14.2836 13.3275 1.63633 15.0325 13.2252 
Landmark14: 0.411402 13.7758 11.3872 -0.058365 14.6429 11.5529 
Landmark15: -0.244818 13.6941 10.2272 -0.739958 14.5397 10.0278 
Landmark16: 3.13351 12.6586 7.91927 2.8628 13.0074 7.02202 
Landmark17: 9.70904 14.4425 8.43551 9.83225 14.5806 7.45278 
Landmark18: 16.1744 13.1505 6.89606 16.0364 13.1115 5.90639 
Landmark19: 22.4309 13.7806 7.52817 22.6422 13.7352 6.55181 
Landmark20: 6.48234 16.3568 15.5094 6.23962 17.3236 15.5895 
