0 20
Landmark1: 28.3688 8.91934 10.5772 29.3508 9.10816 10.5856 
Landmark2: 23.4474 8.73466 6.38182 22.8504 9.326 6.92405 
Landmark3: 19.8437 8.87689 5.44055 19.8918 9.65113 6.07161 
Landmark4: 17.5308 9.53383 7.32308 18.1281 9.65346 8.11614 
Landmark5: 13.9229 9.38394 7.41465 14.1422 8.53239 7.89083 
Landmark6: 11.2994 8.7779 6.76471 11.5556 7.96951 7.29466 
Landmark7: 5.45949 9.69048 12.8589 4.92532 10.5268 12.9825 
Landmark8: 6.58118 9.57365 10.8907 5.95951 10.3487 11.0037 
Landmark9: 2.49508 8.79593 11.1563 2.58206 9.18594 12.073 
Landmark10: 0.932834 8.42794 11.0926 0.551688 9.04229 11.7834 
Landmark11: -0.0376141 8.21268 9.48856 -0.787968 8.86776 9.40002 
Landmark12: 0.167093 8.30081 9.11801 -0.34155 9.15992 9.06134 
Landmark13: 2.70834 9.24412 5.3522 1.91217 9.83759 5.47018 
Landmark14: 1.15501 8.82362 3.48738 0.512993 9.43155 3.95453 
Landmark15: 0.399828 8.79096 1.83686 -0.398893 9.35335 1.62295 
Landmark16: 3.41187 7.69775 0.0618998 3.4997 8.04686 -0.871057 
Landmark17: 11.6143 9.02747 1.97132 11.7183 9.49652 1.09429 
Landmark18: 17.0199 8.48092 1.43346 17.1023 8.81429 0.494276 
Landmark19: 22.1834 9.19179 3.55802 22.662 9.93215 3.08596 
Landmark20: 5.85916 10.6991 7.80716 5.63199 11.6705 7.73895 
