0 20
Landmark1: 30.078 5.73087 12.4458 30.7696 6.44068 12.3125 
Landmark2: 24.8931 5.27101 8.12505 25.2274 6.18004 8.37397 
Landmark3: 21.0176 4.72598 7.47039 21.442 5.35555 8.12117 
Landmark4: 18.818 5.53238 9.67003 19.424 5.9175 10.366 
Landmark5: 15.2948 5.27073 9.91904 15.5647 4.45237 10.4264 
Landmark6: 12.846 4.47897 9.35501 12.91 3.64932 9.90962 
Landmark7: 5.82617 6.16352 15.3131 5.34604 7.03779 15.3847 
Landmark8: 7.47163 5.42503 13.7034 6.69467 6.02062 13.4994 
Landmark9: 3.34214 4.88399 13.9591 3.2614 5.64809 14.5992 
Landmark10: 2.00663 4.13996 14.3103 1.66199 4.53507 15.1619 
Landmark11: 1.08773 3.58411 13.3178 0.179133 3.97743 13.4583 
Landmark12: 1.19671 4.05965 11.7052 0.339324 4.52897 11.494 
Landmark13: 3.58365 4.44819 7.58851 2.86634 5.10436 7.82282 
Landmark14: 1.98647 3.54105 5.32197 1.42817 4.27955 5.70001 
Landmark15: 1.24004 3.30822 3.41011 0.535469 3.82826 2.92727 
Landmark16: 4.96552 2.38342 2.04987 5.21226 2.52315 1.09092 
Landmark17: 13.057 4.99181 4.51137 13.1398 5.32643 3.57265 
Landmark18: 19.0013 3.95355 3.46392 19.0731 4.19483 2.49613 
Landmark19: 23.4529 4.72577 5.27076 23.5005 5.49305 4.63122 
Landmark20: 7.29608 6.47818 10.9531 7.05897 7.31059 11.454 
