0 20
Landmark1: 20.0627 16.4737 9.51508 20.6159 17.2279 9.16126 
Landmark2: 15.8731 15.8849 7.98939 15.793 16.8008 8.38275 
Landmark3: 13.0899 15.7046 7.62242 13.2741 16.2182 8.46047 
Landmark4: 12.0371 16.3405 8.21002 12.609 16.9308 8.77959 
Landmark5: 10.1624 16.4456 8.82582 10.1268 17.4103 9.08682 
Landmark6: 8.76207 16.1958 9.08156 8.59725 16.989 8.49539 
Landmark7: 4.58923 16.9657 11.1502 4.08907 17.55 11.7893 
Landmark8: 4.61357 16.8259 10.6078 3.93257 17.4783 10.9404 
Landmark9: 2.02955 16.4855 11.017 2.11678 17.2856 11.6104 
Landmark10: 0.545695 16.0295 11.3062 0.713685 15.6312 10.4045 
Landmark11: 0.234915 15.9006 10.5345 -0.441886 16.6166 10.3632 
Landmark12: 0.604556 16.1178 10.4075 0.309263 17.0479 10.1893 
Landmark13: 2.64094 15.6531 8.08803 1.98997 16.3123 7.71156 
Landmark14: 1.68214 15.0848 6.99888 1.68984 16.0636 6.79422 
Landmark15: 1.40561 15.0023 6.64629 0.981705 15.8142 6.24488 
Landmark16: 2.76162 14.4649 6.33032 2.87082 14.9067 5.43984 
Landmark17: 7.00852 15.6712 7.02339 6.83297 16.089 6.13196 
Landmark18: 12.1304 15.2371 6.2121 12.2308 15.6683 5.31548 
Landmark19: 14.961 15.5598 6.71503 14.9856 16.1393 5.90047 
Landmark20: 3.68859 16.5427 9.13174 3.499 17.4438 8.74163 
