0 20
Landmark1: 24.4218 10.8354 8.77692 24.9578 11.6793 8.75748 
Landmark2: 19.7558 10.826 6.74304 19.5589 11.7837 6.95317 
Landmark3: 15.5923 10.586 6.02519 15.6422 10.9888 6.93911 
Landmark4: 14.6591 11.0018 6.43197 15.5517 11.4405 6.5363 
Landmark5: 12.6269 10.9505 6.59182 12.7898 10.7359 7.55483 
Landmark6: 10.985 10.8571 6.75916 10.8394 10.9607 7.74307 
Landmark7: 3.19865 12.1756 9.42296 2.48647 12.8776 9.42822 
Landmark8: 4.43045 11.9004 8.41232 3.82942 12.6957 8.33363 
Landmark9: 0.971462 11.3966 8.80901 1.59261 11.7995 9.48123 
Landmark10: 0.19543 11.2644 9.10108 0.366153 11.0613 10.0652 
Landmark11: -0.327753 11.2412 7.99377 -0.927677 12.0326 8.11164 
Landmark12: -0.323954 11.3111 7.78181 -0.306933 11.624 6.83219 
Landmark13: 2.79621 10.9144 5.43549 2.34269 11.6936 5.00281 
Landmark14: 1.13418 10.2397 4.02405 0.9251 11.1692 4.32806 
Landmark15: 0.716484 10.1404 3.73478 0.16575 10.9751 3.7416 
Landmark16: 2.73629 9.86389 3.5804 2.75686 10.1076 2.61077 
Landmark17: 7.90073 10.6952 4.75711 8.04813 10.9671 3.80615 
Landmark18: 14.7649 10.2511 4.31585 14.6015 10.2603 3.32932 
Landmark19: 19.3083 10.6476 5.47621 20.0569 11.3053 5.39308 
Landmark20: 5.49258 11.5081 6.06405 5.65788 12.49 5.97199 
