0 20
Landmark1: 20.0586 10.6638 11.8226 20.3391 11.6229 11.861 
Landmark2: 15.2199 10.8935 10.1078 14.895 10.9541 11.0516 
Landmark3: 11.1785 11.7041 9.64984 11.3039 12.0351 10.5851 
Landmark4: 8.07784 12.844 10.4854 8.67259 12.3718 11.136 
Landmark5: 7.19308 12.4647 10.849 7.84847 11.889 11.338 
Landmark6: 6.41782 12.4636 11.0978 6.42438 12.6967 12.0703 
Landmark7: -0.693055 14.8658 14.0191 -0.926798 15.7685 14.3802 
Landmark8: -0.0177861 14.4249 12.8429 -0.506121 15.2956 12.9014 
Landmark9: -4.04467 14.9642 13.8746 -4.07958 15.948 14.0505 
Landmark10: -4.89416 14.9749 14.1988 -5.12558 15.6481 14.901 
Landmark11: -5.13602 14.4976 13.6974 -6.06776 14.7285 13.9777 
Landmark12: -5.33208 14.5771 13.1412 -6.22118 14.8445 13.5127 
Landmark13: -2.49958 14.1389 10.8017 -3.29621 14.6803 10.5329 
Landmark14: -3.57423 13.5476 9.36819 -3.67941 14.2518 10.0703 
Landmark15: -4.37611 13.6052 8.89433 -5.08319 14.187 9.29632 
Landmark16: -1.61641 12.945 8.13597 -2.33288 12.3172 7.83184 
Landmark17: 3.04447 13.1269 9.12976 3.04411 13.8921 8.48599 
Landmark18: 9.13534 11.8156 8.15144 9.04731 12.2134 7.2382 
Landmark19: 14.3832 11.5092 9.07319 14.7283 12.1929 8.43016 
Landmark20: 0.0862776 14.2125 10.7577 0.436349 15.1475 10.8139 
