0 20
Landmark1: 26.6687 8.02653 21.2107 27.5383 8.4959 21.0569 
Landmark2: 19.6452 7.77789 14.5265 19.825 8.72264 14.2524 
Landmark3: 15.845 7.18232 14.1532 15.9269 7.56849 15.072 
Landmark4: 13.3342 7.70686 16.6641 14.2052 8.19424 16.6034 
Landmark5: 9.4076 7.28246 17.2937 9.46519 8.27055 17.4364 
Landmark6: 6.68806 6.93065 17.4669 6.77129 7.84023 17.874 
Landmark7: -0.262586 7.92408 23.9871 -1.08771 8.4442 24.2076 
Landmark8: 0.751178 7.64179 21.8993 -0.0931193 8.17471 21.843 
Landmark9: -5.01047 6.36913 21.8359 -5.04243 6.90394 22.6803 
Landmark10: -6.5142 5.81797 21.9309 -6.75149 5.98316 22.8882 
Landmark11: -8.01793 5.15727 20.0948 -8.99927 5.23436 19.9186 
Landmark12: -7.67186 5.68106 18.9397 -8.3382 6.42064 18.8449 
Landmark13: -5.25569 7.19882 15.76 -6.20078 7.44906 15.5498 
Landmark14: -6.70414 7.04854 12.7819 -7.25741 7.82621 13.0805 
Landmark15: -7.35312 6.99763 11.4998 -8.18023 7.54996 11.3958 
Landmark16: -3.32101 6.53802 9.0457 -3.16902 6.80268 8.09341 
Landmark17: 5.54011 6.79078 10.8684 5.4277 7.15987 9.94583 
Landmark18: 12.8589 7.27244 9.69066 12.8083 7.5967 8.74605 
Landmark19: 18.0186 7.74648 11.1769 18.1163 8.21957 10.3013 
Landmark20: 0.690629 9.20733 18.1658 0.64535 10.2058 18.1962 
