0 20
Landmark1: 26.9231 9.10186 19.6591 27.7907 9.59842 19.6835 
Landmark2: 20.6198 8.4617 14.0598 20.0499 9.0032 14.6779 
Landmark3: 16.0763 8.21205 13.0679 16.2046 8.7505 13.9007 
Landmark4: 13.5108 8.32198 15.5718 13.3773 9.31261 15.6008 
Landmark5: 9.82996 8.30058 15.8933 10.1888 7.44575 16.2682 
Landmark6: 6.93165 7.88453 15.8949 7.40586 7.6973 16.7551 
Landmark7: -0.29586 8.3915 23.7323 -0.769324 9.26157 23.8694 
Landmark8: 0.927175 8.2026 21.1581 0.353793 8.98275 20.9079 
Landmark9: -4.16408 7.2276 22.1148 -4.15758 7.94457 22.8118 
Landmark10: -6.05417 6.41568 22.5739 -6.26259 6.51927 23.5464 
Landmark11: -7.33508 5.80883 20.4919 -8.26779 5.64469 20.813 
Landmark12: -7.21936 6.06143 19.9049 -8.09497 5.76394 19.5244 
Landmark13: -5.18121 8.01423 14.4944 -6.09208 8.22723 14.8479 
Landmark14: -7.0058 8.08442 12.6962 -7.41832 8.81792 13.2364 
Landmark15: -7.71977 8.02092 11.6121 -8.51452 8.61775 11.5018 
Landmark16: -3.8944 6.9769 8.51295 -3.86835 7.2609 7.55447 
Landmark17: 5.3432 7.71806 9.78748 5.23844 8.12777 8.8813 
Landmark18: 12.7331 7.49361 8.71183 12.6073 7.34244 7.73136 
Landmark19: 18.4855 9.17126 10.4486 19.3768 9.61854 10.3738 
Landmark20: 0.0545476 9.80951 18.3815 -0.141153 10.6634 18.8638 
