0 20
Landmark1: 16.2416 13.445 17.5952 16.9349 14.0552 17.9787 
Landmark2: 12.1213 12.8058 15.3802 12.8922 13.3266 15.0135 
Landmark3: 9.64431 12.5899 14.9515 9.68144 12.7516 15.9377 
Landmark4: 8.35819 13.1826 15.8089 9.17921 13.6751 16.0978 
Landmark5: 6.01385 13.2108 16.6821 5.97465 13.5798 17.6106 
Landmark6: 4.59192 12.4088 16.4984 5.46795 12.6457 16.9184 
Landmark7: 1.17886 13.6166 21.2914 0.7338 14.3868 21.7482 
Landmark8: 1.65522 13.5902 19.5674 0.971039 14.237 19.9044 
Landmark9: -2.26397 13.1943 19.5817 -1.65202 13.9698 19.4262 
Landmark10: -2.68331 12.8102 19.9203 -2.70306 12.9494 20.9104 
Landmark11: -3.72465 12.7218 19.0362 -4.54736 12.9295 19.5653 
Landmark12: -3.59232 12.9568 18.5709 -4.26172 13.6997 18.5708 
Landmark13: -1.39978 13.1417 16.094 -2.15652 13.7952 16.0798 
Landmark14: -3.01502 12.7928 14.8242 -3.08356 13.2149 15.7282 
Landmark15: -3.30297 12.687 14.4821 -4.27525 12.6843 14.2482 
Landmark16: -0.930559 11.9218 13.576 -0.865457 12.2191 12.6235 
Landmark17: 2.63602 12.4593 14.1649 2.59404 12.7676 13.2146 
Landmark18: 8.10254 12.5229 13.1538 8.05947 12.9638 12.2573 
Landmark19: 10.7358 12.8757 13.6538 11.3663 13.1268 12.9194 
Landmark20: 1.15451 13.8464 16.8794 1.07706 14.8357 16.7559 
